2 23127 6
1 1 14210
4 1 143 9
6 12415 5
6 41420 6
1 21142 5
6 22317 6
6 32222 9
4 22138 9
6 1 12110
1 21143 9
1 51326 9
1 21323 9
1 22234 5
2 22128 9
6 31328 9
1 52223 6
1 22233 9
2 23316 6
3 21124 6
6 2222210
1 31232 6
1 2224112
1 2133710
1 21338 9
2 22229 9
6 2222110
4 2143710
1 22139 9
1 61226 9
5 3133410
1 71435 9
6 1 32312
1 22131 9
1 1 23211
1 2143112
1 1 242 9
6 83135 9
4 2123010
6 4132410
2 21225 6
6 22227 5
1 2223510
1 2133412
1 22336 9
1 22135 9
4 1 231 9
5 21237 9
1 4132912
1 21143 9
1 2223510
1 72331 9
6 22115 5
1 2123712
1 4134212
6 23115 5
6 1 122 5
2 23117 6
2 1 223 5
6 21242 9
2 21219 9
5 1 14210
6 52218 9
1 21335 5
5 21226 9
1 51333 8
1 2223310
1 1 322 9
6 41316 5
6 4233510
6 23124 9
1 31341 9
5 31334 9
4 4142710
1 3232410
6 32318 9
6 21231 5
5 7122810
1 21132 9
1 22230 9
6 21320 6
1 1 325 6
6 61318 9
1 61243 9
4 3133410
1 4123310
1 42127 9
6 42215 5
1 5122512
6 3142110
1 1 232 9
1 3142412
1 31334 9
6 2241910
1 3124211
1 7234310
6 7132313
6 1 32010
6 6223412
1 21340 9
2 2112310
4 7123712
6 2142310
1 2123412
1 4142512
6 62216 5
4 7243012
6 6143312
1 8123614
6 1 433 6
6 52318 7
6 71319 6
1 22224 6
1 1 23712
1 1 242 9
6 3242412
1 31218 9
6 4132210
2 4324110
4 3113711
5 21441 5
2 22320 9
6 21427 5
2 23121 5
6 22223 6
6 72226 5
6 1 324 5
1 51229 9
1 21229 7
1 2223810
4 32240 5
6 1 216 6
6 21415 5
6 22438 9
1 1 332 6
4 3132610
6 2232010
4 4232910
6 3134111
4 42337 9
1 2232411
1 22120 9
6 21421 5
6 32319 9
6 22217 7
6 31315 5
6 22217 6
1 22433 9
6 22116 6
6 22142 9
1 22229 7
6 22217 6
6 2133412
4 1 143 9
1 21344 9
6 41416 6
2 41238 5
3 2123811
6 22217 7
6 42116 6
1 2124111
6 21215 5
6 43317 6
4 1 33810
1 8134315
1 2143310
1 2233612
1 42323 9
1 6143311
1 2233012
1 22241 7
1 3223610
1 4133012
4 1 24310
1 62332 9
1 23331 9
2 1 237 9
1 2134410
1 2113611
6 83223 9
1 21335 9
6 72224 9
1 41340 6
2 6122610
1 22242 9
6 31126 9
4 22338 9
6 31227 9
5 61344 7
1 3233810
6 12317 7
4 81226 9
4 63331 9
6 82218 7
4 71224 9
2 8323210
1 21124 9
1 1 22712
2 5242010
6 22419 9
1 83220 6
1 23128 9
6 4122910
1 72419 9
6 22118 9
6 71117 7
1 6134014
1 7133510
6 1 215 5
4 7233610
6 22215 5
6 2152512
6 61419 9
1 1 33811
1 51327 9
2 82234 6
6 21417 7
6 1 216 6
6 51331 9
6 61225 5
2 6352610
4 1 34012
2 21336 8
6 22115 5
4 22331 7
2 1 220 6
2 2222612
1 21538 5
6 2231910
2 1 32210
1 51325 6
6 1 21910
1 1 33112
6 1 53012
2 21242 5
1 22332 5
1 21336 5
6 51215 5
1 21443 6
1 1 34411
1 51336 9
1 21231 5
1 41144 9
6 1 42410
6 22216 6
5 21219 9
1 21327 9
1 51337 9
6 7133910
1 1 23412
1 5134312
1 4224410
2 1 22010
6 71319 6
2 22224 9
1 7254011
1 21327 5
6 21215 5
1 21224 5
1 22226 5
6 1 23112
6 7352010
1 1 33812
6 33441 5
6 21325 5
5 21221 9
6 22221 9
1 2223912
6 1 519 9
6 2212310
6 1 223 9
1 4134212
1 82240 9
1 6124310
5 7133310
6 21219 9
6 51315 5
1 32337 6
6 41316 6
2 71117 5
6 31215 5
4 63422 9
1 5223810
6 21315 5
1 6232210
1 61235 9
4 1 12610
6 22319 9
6 4132512
1 7232010
1 3132110
2 82421 9
6 51323 9
1 7134112
2 4232111
2 32127 9
6 41217 7
6 41417 6
2 42339 9
1 2142210
6 51419 9
1 2114211
6 52316 6
1 62337 9
1 22238 9
1 41325 9
2 21221 9
6 42318 7
1 21441 9
6 21215 5
1 4142312
6 31219 9
6 32217 7
1 2232410
6 22216 5
1 31342 9
1 2123010
4 7144015
1 7133212
1 41222 5
6 31415 5
6 21242 5
1 51241 9
1 1 22310
1 5132111
5 2254115
2 2113811
1 82340 9
6 1 24312
6 41217 6
2 1 23612
6 22217 7
6 51218 9
6 8233510
1 2132710
4 8122712
6 22217 7
6 2123310
2 2143310
2 21143 5
5 2213910
2 1 422 9
2 21335 9
1 2222512
4 2244410
1 2223010
1 31443 9
6 2141910
4 6224412
6 8132311
4 22332 9
2 21223 9
6 1 216 5
1 2224115
1 1 24113
2 61434 9
6 21126 6
1 51232 9
6 2232411
2 22222 9
1 21242 5
1 21234 5
2 7132010
1 21241 5
4 7122911
1 71237 5
1 21229 5
1 22420 6
1 2223010
6 1 24315
1 2233010
6 1 22110
4 2323910
6 62218 9
1 2123911
2 4142211
6 7124311
2 4133211
6 1 14411
6 21223 9
1 82324 9
4 82432 9
2 2132110
6 71417 9
2 4322510
2 2233510
6 2122812
2 1 23210
1 31537 5
6 2232510
5 1 230 9
6 3232010
5 1 44412
6 1 33212
2 1 33211
1 2224110
1 23333 9
4 22243 9
6 1 121 6
6 2322110
2 1 219 9
6 22218 9
6 61316 6
1 1 23412
6 7233612
1 4333212
6 21216 6
1 2324412
1 2222711
6 42217 7
1 1 33912
1 2244213
1 1 33215
1 1 13414
1 1 23513
1 2233512
1 1 24012
1 8134213
6 8222110
1 2134212
1 2223615
6 82218 7
6 1 315 6
1 2124313
1 2334112
1 7143810
1 2224011
6 1 216 6
6 3152911
2 2232312
6 8122912
6 8332413
6 8322312
1 4323215
6 2122412
6 8132912
2 2232010
6 6232612
6 1 33815
2 2233015
6 8132412
6 2232212
1 4253112
1 2133410
6 2223411
1 3154010
5 22137 9
2 2232610
1 8133113
6 6232612
1 8152812
2 73442 9
6 2232412
1981226 9
6 2132410
6 6212412
6 1 22710
1 7232611
2 2133011
1 1 433 9
6 2232312
6 2222010
1 2323412
1 2224011
1 3223211
1 1 23513
6 2232212
2 2122912
1 2233612
6 23226 9
6 8313210
6 32215 6
6 6132812
6 2232311
1 1 333 9
2 21425 5
4 4123912
1 22235 9
6 22140 5
2 21224 5
1 22130 9
1 5153912
6 3141910
6 61317 7
6 22317 7
1 82232 9
6 1 221 7
1 4132710
6 4131810
1 21231 9
4 3133811
6 2112510
6 82324 9
5 1 24110
6 42215 6
6 3214411
2 22320 6
5 21326 9
6 21241 5
1 8123911
1 51331 6
6 4232311
5 22235 9
6 2124210
2 21226 5
6 82117 7
6 2142312
1 21236 5
6 1 520 9
1 2124111
2 8234311
1 1 32310
6 41218 7
6 1 31910
2 61230 9
1 2232815
1 22338 9
6 1 315 5
6 22327 9
1 7114013
1 2324111
6 23317 7
6 3142310
6 22334 9
6 1 216 5
1 51339 8
5 7233012
1 82343 7
1 2134111
6 42316 6
1 4223913
6 1 13810
1 1 23413
4 2214312
6 8343110
6 1 21910
6 82215 5
6 2222212
1 22243 6
1 21318 7
6 22115 5
1 2243312
6 5132110
6 4133512
2 8322613
1 8233713
1 2133710
6 3134210
1 41228 9
6 22315 5
6 8332212
6 1 215 5
1 2124012
1 2133710
6 1 318 9
6 4143913
6 7122813
1 2333814
6 8122912
1 31433 9
6 1 337 9
1 3132911
1 1 426 9
6 31219 9
1 3133712
1 1 32612
6 31317 9
6 32220 7
4 3114313
6 32215 6
6 7123612
6 4133111
6 52218 9
6 2142210
1 31244 9
6 61215 5
1 1 339 9
499133310
6 2222312
6 4143910
6 81125 9
1988839 9
2 2142613
6 1 22310
4 31334 9
2 31233 9
6 3113411
6 21217 7
6 2122010
6 31215 5
6 32219 9
6 61240 9
2 31243 9
6 22320 5
1 8142710
1 8123012
1 2114311
2 31135 9
1 81330 9
1 8113511
6 2214012
6 22240 9
6 81219 9
2 2222610
4 2223910
2 8142111
1 8113512
1 82324 5
6 2342613
6 1 22711
5 2124010
1 81237 9
6 1 13712
4 2113513
2 2122911
1 81429 9
2 21222 5
6 8132510
2 1 42413
6 2213111
1 8143213
6 2222310
1 21539 9
2 21219 7
1 22237 9
1 8243513
2 61240 5
6 2122312
1 8222512
4 2223312
1 82226 9
6 8122413
1 8132712
2 83223 9
1 23241 9
6 1 217 6
1 51336 9
1 2124410
1 31234 9
6 4234111
6 2322210
6 8314212
1 2322312
6 31319 9
5 2233410
6 1 12512
6 3243113
4 4243811
6 4223912
4 8313912
4 3213411
6 42334 9
6 3242711
6 1 22712
6 1 23112
6 2222212
6 61240 9
2 22222 9
6 62233 9
6 32231 9
1 2123710
6 3124411
6 7122712
6 2124211
1 1 23013
5 4233711
2 31241 9
4 31141 9
6 1 218 9
6 22318 9
2 42326 5
6 7143413
6 3232911
6 32233 7
1 21325 7
1 32427 9
1 6144410
6 3222811
6 42439 9
6 21217 7
1 21340 7
6 32323 9
5 1 233 5
2 2123910
1 82340 8
4 2143611
1 81235 9
5 21437 9
6 1 116 7
5 22131 5
6 2222610
1 2133310
6 61329 9
6 4132510
6 21216 6
6 1 218 9
6 1 22010
1 4143012
6 5112410
6 8123010
6 2332010
6 4233610
2 3132811
1 21220 9
6 31315 5
6 5141910
6 1 218 9
1 3133710
1 5122711
6 21223 9
6 21124 5
6 21223 9
6 31216 5
1 31242 6
6 1 118 6
6 51139 9
6 32219 5
6 51425 6
1 22342 9
4 51231 6
6 82430 9
4 2223211
6 31232 9
1 32334 6
6 1 328 6
4 22337 9
6 31340 9
6 3234110
1 81322 7
6 23339 6
5 22134 5
6 1 115 5
2 23229 9
6 1 320 6
6 51226 9
6 1 227 7
6 31216 6
6 32318 9
6 32223 9
6 42231 9
1 1 142 7
1 8124411
2 1 24012
1 1 33210
5 2114310
4 21142 6
5 2223710
5 21137 9
2 21229 5
1 1 141 9
6 41215 5
6 31229 6
6 2232810
2 22228 5
6 21121 9
4 3113610
5 1 240 5
6 51315 5
6 33326 6
6 42338 9
6 2233411
6 22316 5
5 21329 6
6 2223212
4 21242 9
3 41138 9
6 1 231 5
6 1 219 5
3 21242 6
6 21243 5
6988823 6
6 1 22010
6 52331 7
6 31222 6
6 1 33311
6 1 225 5
6 1 241 5
2 21125 5
6 1 317 5
6 1 137 6
5 21233 9
2 1 23011
6 1 217 6
6 21130 6
6 1 420 6
4 21144 5
6 1 329 6
5 32223 9
6 4123512
1 22323 9
6 2323211
6 51325 5
1 41334 9
6 21316 6
6 31224 6
6 2231910
2 2232210
6 3132812
1 21240 7
2 2222210
1 6142412
6 1 24112
1 2232312
6 51318 9
1 2113212
6 2144010
1 51226 9
2 1 118 9
6 1 319 6
6 3134113
2 1 33512
1 6122710
2 5122910
6 31520 7
6 43317 7
1 4144010
5 1 33312
1 3144110
1 22236 9
1 2213611
6 5132610
6 43216 6
1 2243712
6 2143713
5 4134410
3 1 34410
6 21243 9
6 21138 9
1 21240 5
1 5134011
6 51236 9
6 1 327 9
1 5113912
6 2223613
6 1 319 9
1 2134011
1 1 24010
1 21340 9
1 4124110
6 8122411
1 2133912
4 2123110
6 7132912
6 22222 9
2 4222512
6 8333213
1 7123512
6 2212610
5 1 136 9
2 83322 6
1 4332810
1 1 231 6
4 3113412
5 4133413
1 22340 9
1 7142811
1 2132912
1 2122812
6 22217 6
1 2324412
6 82333 9
198834412
1 8223713
6 1 219 6
1 8234410
6 3151810
2 2313810
4 82241 9
6 3132413
2 1 32510
6 2322412
6 4332110
2 22318 9
1 21541 9
1 41341 9
1 21340 9
1 2134210
1 42232 6
2 1 24210
1 3154113
6 2133312
6 42219 6
1 4113212
6 2142413
4 2234411
6 22227 9
6 1 527 5
6 22217 7
6 22317 7
4 22231 9
6 42318 9
1 4123813
6 43315 5
1 3143712
6 21216 5
1 2223512
1 4134112
1 1 24212
1 2133710
1 3154311
2 23327 9
6 52324 9
1 3233710
6 81115 5
6 1 337 9
1 33329 9
6 1 329 9
6 31426 9
6 1 429 5
6 1 12410
6 8154011
6 41243 9
1 1 335 9
6 1 127 9
6 1 131 9
6 7133812
3 22543 9
1 31240 9
6 3122910
6 3143010
6 1 22810
1 31221 9
6 32318 9
6 32124 9
6 8132810
6 31343 9
6 82222 9
1 31442 7
6 1 33010
6 2113211
6 31244 6
6 31236 7
6 1 234 7
6 31434 9
6 51343 9
2 52234 9
5 21236 9
6 3122611
4 5133611
6 42234 6
6 41322 9
6 1 121 9
6 3143310
6 31133 7
1 1 33010
6 4133314
1 6143912
6 3232713
6 31315 6
6 3133713
6 3132210
6 3131910
6 31326 7
6 81117 7
2 1 325 9
6 41319 7
2 3232610
4 3123110
4 21229 9
6 81117 6
1 2322912
1 2233112
1 3133010
6 31322 9
6 31230 9
6 31326 9
1 51241 5
4 2133911
6 21143 9
1 51526 9
1 51225 9
6 3113510
6 51338 7
6 71229 5
1 5133110
6 41424 6
6 32215 5
6 51333 9
1 8132412
6 71315 5
6 61337 9
1 1 335 9
6 3124110
6 1 231 9
6 1 431 9
6 41229 6
2 3122310
6 41437 9
6 3124310
1 2113712
2 1 429 9
6 42220 9
5 3132510
6 21228 5
2 32228 9
5 32340 9
6 4142510
6 1 129 9
6 3222810
1 23227 5
1 21225 9
1 8133812
6 81123 5
1 81344 9
1 8114212
6 1 22312
1 2224212
1 22333 7
6 22216 6
1 2323212
1 4334012
1 2224112
1 2323610
5 52331 9
5 22135 9
1 2133515
6 82241 9
6 2222512
1 51336 9
5 2133510
6 2121910
1 2213211
6 4322010
6 4122212
6 51318 9
2 1 427 9
6 82115 6
2 2123915
6 2342711
1 8122712
5 2224312
4 2233112
6 8132110
1 2224411
1 5143010
1 3133110
6 81319 7
6 51432 9
1 2133711
6 3232210
1 3144110
1 72243 9
2 3142010
6 5232610
4 2334310
6 3133313
5 5124012
4 4133010
6 22417 7
1 23240 9
1 4323011
6 22225 9
6 2122211
6 2142010
1 4223513
6 2241910
6 2331910
6 22219 5
6 21318 9
6 22216 6
1 2242010
6 21230 9
4 1 14212
6 2332912
1 2132812
1 8232810
1 2124212
1 8224212
6 23316 5
1 2234412
6 72217 6
1 2123711
1 2143313
1 21234 9
1 2144010
1 4224312
6 22315 5
1 8214413
6 1 33510
6 31225 9
6 3132710
1 51327 9
4 31144 9
2 3122110
6 5122110
1 3124111
1 7133410
6 42330 9
6 42318 7
6 61433 9
6 32320 9
6 32316 5
1 3222310
6 32244 9
6 3124010
1 52434 9
2 32342 9
6 3133212
4 2223610
6 71216 6
6 6121910
6 51343 9
6 2223610
1 22330 9
6 2213213
5 2253012
4 1 24210
5 1 23710
1 21430 8
6 7332412
6 2242210
6 23324 5
5 8113910
2 21223 6
6 21118 7
6 61315 5
1 2132512
1 21225 9
1 21342 9
1 1 123 9
6 22317 5
6 3123212
6 21116 6
6 21315 5
6 21315 5
1 2114010
5 2213010
1 21225 9
1 2233010
6 51417 9
1 2132710
6 31417 7
2 21224 5
1 3114012
1 22242 5
6 1 12611
6 22317 6
6 51316 6
1 3233910
1 21432 6
4 2234410
1 21341 9
6 2212312
6 22320 9
6 22216 6
6 22216 5
1 4124011
5 51242 5
6 21335 6
6 21216 6
6 41315 5
2 2234110
1 2132910
5 51238 9
6 22215 5
1 2322412
6 22328 9
4 51144 7
1 4124113
6 82219 9
1 3123212
1 1 329 9
6 2124412
1 4134012
1 31228 9
6 3143412
1 4124311
6 1 116 5
6 2122010
5 3123510
6 31235 9
6 4142211
1 1 23512
1 3133812
1 2123012
6 2133913
6 2222513
1 2232412
6 22317 6
6 21315 5
6 2232010
6 8152514
1 2253213
1 8223913
6 22315 5
6 82316 6
6 8122910
4 7124110
6 5132110
6 2234112
6 2122510
4 2214312
4 43322 9
6 71342 9
6 4232010
1 2133612
1 2313613
6 2134012
1 8242912
1 21542 9
1 21144 9
6 4143012
1 4124211
1 2233312
1 4124112
1 8254013
6 1 42212
1 2224311
1 42240 5
6 22315 5
1 6143111
6 32231 9
1 4153711
1 7153610
1 51543 5
1 2222915
1 4243812
1 22241 9
6 33235 6
6 31335 9
6 31129 9
6 3132911
6 32220 6
1 51338 5
6 61330 6
6 1 237 5
5 3113910
2 21243 9
1 1 13610
5 3124010
6 41226 7
5 3233612
6 82226 5
6 31318 9
3 3123510
6 5144312
2 2232210
6 21230 9
6 31216 6
1 7232710
6 3112110
6 31220 9
6 31218 9
6 22325 9
6 3112710
5 1 129 9
2 31321 9
2 31341 9
6 31218 7
6 32226 9
4 1 13110
1 1 334 9
1 2313312
6 62217 7
1 8223214
1 2133410
6 6142612
4 4154212
1 81223 9
6 2132612
6 4133413
1 2123410
6 3143011
6 1 323 9
6 7232110
1 1 44212
1 2223015
1 7143110
1 2123512
6 2322312
6 2222810
2 8322612
2 22217 5
6 21321 9
6 1 23512
1 22223 5
6 61333 9
6 22323 9
1 22122 9
1 2113710
6 21232 5
1 22521 9
6 2223711
1 1 136 9
2 72226 6
6 21215 5
2 32119 5
6 51217 5
6 21425 5
5 1 136 5
4 52234 7
1 21335 7
3 5124410
6 61219 9
1 2113810
6 22322 5
6 1 216 6
6 2142110
6 1 230 9
6 1 243 9
1 21329 5
6 2132110
1 21344 9
1 51240 7
5 21243 5
1 22244 7
6 21330 9
1 2123910
6 2132511
2 22222 9
3 5142410
6 21330 9
6 21530 9
2 21320 9
6 21338 5
2 21127 9
1 21529 5
2 2222410
1 2142811
2 4123211
6 2133410
6 4122312
1 8222513
6 1 230 9
2 21139 5
6 5242412
6 4132812
4 7113412
1 2113612
1 5132411
1 8133912
4 7133811
6 1 124 9
2 4232413
6 2142210
4 4333410
6 4132610
2 4322310
2 8332610
1 5133112
6 23318 9
1 22228 5
6 21129 6
4 2134412
1 21244 9
6 81416 5
6 22121 9
5 22127 9
6 51315 5
1 8132212
2 21224 5
1 22543 9
6 23417 7
6 23216 7
6 1 22010
6 22231 9
1 2212610
1 8132212
1 61443 7
1 3144211
6 61221 7
6 61121 7
1 32224 9
5 2223810
4 82139 7
4 22241 9
2 22223 9
1 2122410
5 22324 9
4 4133210
6 2232510
1 2223811
1 21434 9
4 4223611
2 72225 9
1 3143811
6 4232513
1 4152510
6 21217 7
4 1 125 7
6 42317 7
2 21234 9
1 7144410
4 22121 5
1 21144 9
1 82440 9
1 4223011
1 4232912
6 32336 5
6 3123812
1 1 23412
6 31138 7
6 1 320 9
2 22221 9
6 1 53114
6 31131 9
6 32244 8
6 1 31910
6 21215 5
6 1 215 5
2 3223710
6 21339 9
6 3222910
6 1 335 9
1 21529 9
6 32138 9
6 41222 9
6 6122410
1 1 222 5
6 83226 9
1 2142612
5 31337 9
2 22219 5
6 3133512
6 3123710
2 1 24412
2 1 319 9
1 4133011
6 22417 7
2 3152310
6 21230 9
6 82318 7
6 1 23110
6 3113712
6 21525 5
4 4124213
6 1 217 7
6 3122712
6 2112010
6 32326 9
6 5144410
1 2133212
1 2132810
6 1 222 9
6 33217 5
6 33116 6
6 39123 9
6 31341 9
6 51434 9
6 1 523 9
1 3113311
6 1 216 5
2 32225 9
5 3122810
2 21126 9
5 1 339 9
5 33236 7
1 22127 5
1 22233 9
1 21228 9
6 21223 5
1 21336 9
6 1 32512
1 81127 9
1 2112512
2 21121 9
1 21232 5
2 61330 9
1 21241 9
2 2322511
6 2122010
1 2223512
1 2123613
1 22541 9
1 21234 7
1 1 422 9
1 23541 9
6 2252010
6 42330 9
6 6134312
2 4132110
4 32144 9
2 1 321 9
4 4154410
1 31227 9
2 2222110
6 4224312
1 32327 9
5 1 23010
1 2224311
1 4234312
1 2124410
6 22317 7
1 5144111
1 1 133 9
1 31140 6
1 2144312
6 22516 6
1 2114012
1 4133210
6 2132110
6 1 21810
1 4153012
6 21516 5
6 21217 6
1 8243715
1 2154311
6 42217 7
6 21416 5
6 2232212
1 4133412
1 2224110
6 83318 7
1 2223112
2 2133810
6 82317 7
4 2154315
1 2123315
1 4223112
6 22419 7
6 4132911
6 71423 9
2 1 22811
6 1 325 9
6 3142912
1 4254010
4 22443 7
6 2324012
6 42515 5
1 2134210
6 22419 7
1 42329 9
6 22218 7
1 1 127 9
6 51515 5
1 4113312
1 2134111
1 4252910
6 4332110
6 4142010
1 71241 9
1 43234 9
2 31224 9
6 71319 9
6 51320 9
6 6132710
6 6111810
1 3133313
6 1 42710
6 4133410
6 31322 9
2 1 327 9
6 22135 9
6 61242 7
6 3133011
3 33236 5
6 61322 9
1 1 324 9
4 4134410
6 8133811
6 3132812
2 3114011
2 1 33912
2 32422 6
6 31136 6
5 31233 5
6 6132510
1 3143813
4 31228 9
1 3142812
6 61415 5
6 5222610
6 71329 9
6 1 327 5
6 3122710
1 3132510
6 1 232 9
1 3124310
6 71317 7
1 41344 9
6 32315 6
6 7232010
6 1 13310
6 41316 5
6 11116 6
1 31234 9
6 3123311
1 3133310
6 71418 9
6 3143413
6 7121910
6 31425 9
6 31232 9
4 2232910
6 4124412
6 1 13110
6 21327 9
6 31319 9
6 32215 5
2 7232510
6 32334 9
6 31129 9
2 61226 9
5 71536 9
1 5134310
1 7142812
1 51328 9
6 31421 7
5 32240 6
1 41434 9
6 1 23510
2 5132810
4 5114410
6 5134312
6 7132611
6 42217 6
6 7142310
5 82219 9
6 3133210
2 1 234 9
5 3123312
6 42315 6
6 7124013
4 5134010
6 4133412
6 32415 5
2 8133712
1 4133312
6 5131910
6 83415 5
6 1 139 5
2 21128 5
1 31226 9
6 22232 9
1 51227 6
1 22234 9
1 21233 9
4 51334 9
1 21125 5
6 21334 9
6 21340 9
1 21231 9
6 1 331 5
1 51232 7
1 21229 5
1 2233012
4 42341 9
1 5213212
1 1 32812
2 21323 5
1 41227 9
1 2222712
1 6123611
1 2224414
1 42237 9
6 61316 6
6 42215 5
2 22219 9
1 2224110
6 31137 9
6 71331 9
1 4154210
2 1 431 9
6 3231710
2 1 326 6
6 31219 9
1 51441 9
6 31233 9
6 31227 9
6 32230 9
1 3133310
4 3114010
6 32315 6
6 51223 9
6 3233515
6 51118 7
6 31234 6
5 3234210
6 31431 9
2 31239 6
4 31329 9
2 2124310
4 5133810
6 51425 9
6 1 322 9
4 31337 9
6 31332 6
4 8133111
6 61330 9
2 32225 9
6 31442 9
1 4113812
1 21127 9
3 31139 5
6 3123710
1 1 334 9
1 7132411
1 7222912
6 1 52310
1 3133311
2 72318 5
1 61325 9
6 2322512
1 21341 9
6 7123912
6 4112510
6 21215 5
1 42327 9
1 5143112
4 7222710
4 1 236 9
1 51443 9
6 52416 6
4 61237 9
6 3123310
4 32343 9
6 31419 7
1 3124212
1 6123914
1 3142811
6 83216 6
1 61344 9
1 2224412
1 2123712
6 2224110
1 4243212
1 21342 9
1 42141 9
4 4124211
4 2134010
1 6143913
6 2122210
2 2312210
6 31333 9
1 3133312
1 2133812
6 1 217 9
6 4234313
6 53421 9
6 2123610
4 2223911
1 7144111
3 1 24112
1 8333911
1 4133912
1 1 43013
6 4132210
6 2124215
1 2224013
1 4243812
1 22236 9
1 4214412
1 4224115
1 2144012
1 2323315
1 1 43810
1 2123713
1 4313810
1 5133412
1 2234212
1 2133911
6 41316 5
6 42319 9
1 8124210
4 61444 9
1 7233210
6 4143010
1 8223512
2 1 43710
1 3133210
1 3144212
6 42219 9
4 32342 9
1 4134312
1 6133913
6 2232412
6 31117 7
5 32328 9
1 4134113
6 1 221 9
5 1 43310
6 3132213
6 2141910
4 8254210
1 5132510
6 2133710
6 4322311
1 4113711
6 1 317 6
6 1 216 6
2 3234215
1 2133412
1 1 24014
1 4133913
1 2233511
1 2134312
1 2243312
6 4312312
1 51336 9
1 4142710
6 4222812
6 1 33212
1 3133111
6 1 328 9
1 21144 6
1 21330 9
1 2234011
1 32242 9
4 8123712
1 7142712
4 4124012
4 8223912
6 1 118 9
1 62435 9
1 8123713
1 2142913
6 22216 5
1 21344 9
1 2233510
6 41216 6
1 41341 9
1 42342 9
1 42335 9
1 4133712
6 1 22010
1 2134012
1 2143412
1 1 33411
1 8134012
1 6123810
1 21341 9
1 7133312
1 71531 8
1 41533 9
6 1 32010
1 23329 9
6 31415 5
1 4213010
1 6222813
6 52318 9
1 5133212
1 7142512
1 1 428 9
1 6154110
1 3223711
1 7133012
1 1 141 9
1 2233212
1 1 33712
1 3133313
1 1 24412
6 22315 5
1 3143710
1 3323711
6 31316 6
1 3144212
1 2233013
1 3123811
6 31220 6
4 1 24115
1 3123213
1 4234110
1 7133810
6 31338 9
1 3123910
6 51326 9
6 81328 9
4 7153610
1 31443 9
6 1 316 6
2 31243 9
6 3133210
2 71135 9
6 61322 9
6 3133112
6 1 229 5
2 31319 5
2 3113311
6 32218 7
5 3123910
4 32344 9
6 31339 9
1 32226 6
2 3122412
6 1 135 9
1 51322 9
2 3123010
1 5133010
6 31226 9
1 5142210
4 1 234 7
1 21244 9
6 31321 9
6 3142312
1 2233713
6 1 317 7
1 2212915
6 2132612
6 1 32712
6 2212712
1 2232914
6 2352413
198133713
6 1 216 6
198833712
6 2242010
1 2234113
1 6144113
1 8133712
1 8144113
1 1 23113
1 1 33615
1 4134412
1 8222812
1 1 23414
1 8133113
1 2234012
1 1 52612
2 2232312
1 2233612
1 8122510
1 42341 9
1 8233310
1 8133010
6 22235 9
1 42227 9
6 1 317 7
1 1 22410
1 4113410
1 4252912
1 7253510
1 1 32610
1 32229 9
1 3142810
6 4223012
1 6134013
1 32241 9
1 31337 9
1 4223512
1 2133812
6 2212512
1 2224210
1 2134312
3 21344 9
1 2234210
1 4123414
6 21416 5
6 2232111
1 7133912
6 51216 6
6 1 323 9
6 3122110
1 2222515
6 42217 6
1 2234111
5 31140 9
6 81326 9
2 31242 9
6 4142710
1 41223 9
6 2112612
6 3143710
6 32334 9
6 41140 5
6 31236 6
6 31329 9
6 23335 6
6 31243 9
1 81130 9
5 1 141 6
6 51326 9
1 31237 7
5 1 223 9
6 31323 9
6 1 317 9
6 1 237 9
5 2122512
6 31323 9
6 4133213
6 8231910
1 2222812
6 21116 5
6 2142510
1 7133312
6 7132010
1 1 54012
1 42334 9
6 42535 9
2 4221810
2 1 325 9
6 1 130 9
1 2253512
2 32331 9
5 3233510
5 42131 9
6 1 338 9
6 22317 7
4 4223613
1 1 23612
6 4242212
1 2124014
6 41216 6
6 8231710
6 1 22412
6 1 52010
1 7124212
1 2224212
6 8331910
6 3143610
2 8323712
2 1 13212
1 1 237 9
5 8223512
6 51319 9
6 6132210
1 71336 7
6 1 33612
1 81237 5
1 6124312
1 72342 9
1 1 23310
6 31336 9
2 4222010
3 21235 9
6 21216 6
6 82117 6
1 31240 9
5 2223210
2 22330 9
1 51143 9
6 32217 7
4 2133810
1 71220 6
6 31322 9
4 81230 9
4 3123411
6 6122010
6 22320 9
4 51336 9
1 5132410
6 2122212
1 61341 9
6 4222312
6 1 32513
1 5133112
6 21220 6
1 4222812
6 1 22211
6 72419 7
4 61243 9
6 2124412
1 8222712
1 2123712
1 8252913
2 21227 9
4 2223613
1 51328 9
1 8223311
6 21325 9
5 21326 9
6 52315 6
6 6153110
4 71232 9
4 31142 9
6 22222 9
4 22236 9
1 22319 7
6 1 33711
4 1 32612
6 2122611
6 2222210
1 81540 9
6 2323814
1 2233913
1 2224011
1 2142210
1 1 53613
6 7142210
1 1 320 9
6 3112710
1 71326 5
1 21421 9
1 1 52610
1 81224 9
1 22124 5
1 4133112
5 1 229 5
6 42315 5
1 22144 9
2 21220 9
5 1 329 5
6 1 220 9
1 4152410
1 8233215
6 7152710
6 7233813
6 71324 9
1 72242 8
4 3222610
2 3252110
6 3123011
6 4132913
6 4242713
2 3132411
4 41437 9
1 4123012
6 8312312
6 32321 9
2 2122812
1 8323012
4 4233510
6 51240 6
2 3222610
1 51328 5
6 31240 6
1 31239 5
1 31443 5
1 22242 5
4 7134213
6 31415 5
1 3123912
1 3133911
6 5131910
1 4233812
2 71523 5
1 31341 9
2 32318 9
1 3142111
5 7122910
2 1 22110
1 31436 9
1 3133210
6 1 317 7
6 31215 5
1 3134112
1 3144110
1 1 34212
6 41317 7
1 4234011
1 2223212
1 1 23212
1 4323912
6 82319 9
6 3 216 6
1 2134012
4 42235 9
1 8354212
6 4122312
1 4234415
2 1 140 9
6 21143 9
1 42134 9
1 42126 9
1 1 142 9
4 3114213
1 71444 6
1 3134010
1 4224210
5 1 330 5
6 1 22612
5 6132010
6 8223113
6 8132812
6 21420 9
6 1 32512
6 2232412
6 4222513
6 2222212
6 1 43811
6 1 330 9
2 21130 9
6988238 9
6 1 235 9
6 31338 9
2 4232510
3 1 142 9
6 41535 9
1 3124012
1 2223213
1 8123713
1 2124212
1 2352813
1 4143412
1 2153113
4 21235 9
1 2134311
6 3132010
6 1 218 9
6 33217 7
1 2143812
1 2134013
1 41237 9
6 22315 6
6 23415 5
1 31233 9
1 8224212
6 31224 9
1 23343 5
1 4234012
4 1 334 9
6 1 322 9
6 22216 6
5 2223915
2 1 118 7
6 21317 7
6 41431 9
1 1 230 9
6 1 329 9
6 1 225 9
6 22135 9
1 6234410
6 31336 9
1 1 32610
3 4234010
1 2132110
4 1 138 7
3 22431 9
6 71340 9
6 1 22111
1 8323313
1 3112910
6 2122513
6 6132212
6 1 12410
1 3243810
6 3142212
6 22424 9
1 1 13113
4 2123410
2 4232812
6 7232210
6 7132212
6 2222010
6 2223112
599142310
1 5124410
6 3132612
5 3122411
1 1 233 9
2 2222512
1 31429 9
1 42425 9
2 1 42312
1 8133312
6 2324413
5 2224312
6 2222212
6 1 22512
4 21241 9
6 2232110
6 2223313
4 3123513
1 8232212
1 8133012
1 2132311
6 4242512
2 1 32010
2 72322 9
4 4134410
6 2332110
6 1 324 5
2 4334111
6 5132311
4 1 34410
6 7222210
1 4222812
1 8222912
1 2122912
6 31317 7
6 1 32912
6 31215 5
6 3143412
1 8233814
6 1 22412
6 22332 9
2 23320 9
6 1 341 9
1 3233710
2 21320 9
6 31224 9
2 2342210
4 22239 9
6 33425 9
6 2113212
4 2243711
4 72333 9
6 3233510
6 81121 9
1 3223413
4 1 327 7
1 8223610
2 1 333 9
6 22319 5
1 31436 9
2 1 227 9
2 32429 9
6 3132711
1 32331 9
1 52225 9
2 41236 9
1 32120 6
1 1 336 9
1 2133315
6 31231 7
5 22231 9
2 32122 9
1 22224 7
1 42224 9
1 41225 9
2 31321 5
6 21216 5
1 1 237 5
1 21231 9
2 22321 9
2 31223 9
6 1 215 5
2 42321 7
5 52229 9
4 52338 9
6 31241 9
6 41116 5
6 31526 9
2 71222 7
6 33236 9
6 1 327 7
2 1 329 7
6 51219 9
6 31220 5
4 32234 5
6 1 325 5
6 1 326 9
1 42119 9
6 41326 9
1 21339 5
2 2232310
4 2123910
2 31243 5
6 31328 9
5 1 338 9
2 1 332 5
6 52217 5
6 72324 9
1 6123310
1 22241 9
6 31320 9
6 2232812
6 1 327 6
2 1 127 6
6 1 324 9
1 22227 8
6 1 321 5
1 31325 9
2 22232 9
1 51326 5
1 61321 9
6 5134311
3 22340 7
6 1 236 9
4 7113310
6 31322 9
5 21130 7
6 61330 9
6 42416 5
5 31320 7
6 3133711
6 71331 9
6 81217 6
6 31415 5
6 31416 6
1 71234 9
4 1 340 9
6 2213311
2 41422 5
6 41316 6
6 72422 9
2 33326 6
1 31226 9
1 1 330 9
5 31337 9
6 51322 9
6 81219 9
2 51319 9
6 51315 5
6 32230 9
2 1 119 9
1 8133212
2 2144211
6 31234 9
6 12217 9
2 3132510
1 5233811
5 5133610
1 81225 9
1 31228 6
1 21340 5
2 8232710
2 31327 9
6 7241810
5 41332 9
4 32132 9
1 22326 6
4 83233 6
1 8133312
6 1 424 9
5 1 330 9
1 41243 9
6 61422 9
5 1 225 9
2 22326 9
4 1 230 7
6 22415 6
6 5214411
6 51417 6
6 32328 9
6 4332610
6 2222712
6 1 224 5
6 4142212
6 1 22415
4 8123410
6 4323311
6 51317 7
6 41318 9
1 31338 5
1 1 427 9
2 3122911
6 22131 9
6 52317 6
6 51331 9
3 21335 9
6 1 33110
6 31320 7
6 51418 9
2 21118 5
6 1 22910
4 31242 9
2 61334 7
5 3113412
6 32319 9
1 22133 9
6 6141910
2 21144 9
1 51229 9
6 21218 9
6 8332212
6 5132510
6 3153810
6 31122 8
4 2133911
1 21242 9
1 21222 7
1 2233212
6 1 222 9
6 31316 6
6 22224 6
2 31334 9
6 31243 9
1 21337 8
6 51217 7
1 21127 9
4 2243711
1 22332 9
4 21335 9
1 22242 5
1 21241 9
2 71243 6
6 8122610
1 2312712
1 2143115
4 8133212
1 1 22612
6 22319 7
2 22127 9
6 42523 9
6 2123512
6 2122710
1 1 23512
5 1 33215
6 2112912
6 63317 7
6 4233012
6 31215 5
6 21138 9
6 21137 9
1 2113910
6 22121 9
1 21237 9
2 82428 7
1 22137 9
2 21236 5
6 21422 9
1 2213611
1 21132 9
1 2114410
1 21234 9
6 3122915
6 2132310
6 8224411
1 4223211
1 2112710
6 1 32412
1 3133910
4 21129 9
1 51326 6
6 21219 9
1 21344 9
1 22137 5
6 21220 9
6 21315 6
6 2112911
1 2213211
1 51335 9
4 2234310
1 2113610
1 8133512
6 22418 9
5 32242 6
5 4123410
1 21323 5
4 31321 9
1 1 229 9
6 21115 6
1 41328 9
6 42215 5
1 42229 9
1 4114312
1 1 32711
1 3134413
1 61437 9
1 5123812
1 41434 9
5 1323612
6 21318 9
1 31240 9
1 6134310
6 31216 5
5 31333 9
6 61215 5
1 32331 9
1 3232510
6 1 328 9
1 2143712
1 2323312
6 4132512
1 3133210
1 4123912
6 21317 7
1 4123812
1 2133812
6 21316 6
1 3133512
5 8223511
1 1 226 5
2 31243 9
4 1 341 7
6 31318 9
6 3142010
2 1 224 5
1 31120 9
1 3133610
2 31322 9
1 8132715
1 21235 9
6 3143610
4 3133210
4 5233512
2 21140 5
1 3134411
6 31216 5
2 51322 5
1 51435 7
6 21318 5
1 41123 5
2 21233 5
1 51231 9
2 23222 9
1 2123411
4 3133510
6 32320 9
1 3232611
1 2112712
6 51316 6
6 1 317 5
1 3122610
1 31427 9
4 1 13613
6 1 223 9
6 3131910
6 72222 9
4 3123013
1 2223710
6 2123412
1 3123511
6 8131810
1 3214012
5 5133110
1 5133312
1 3134212
6 71215 5
6 2132210
1 21329 9
1 22325 5
1 22225 5
1 61236 9
2 22219 9
1 1 42610
1 51444 9
6 31317 7
6 5132612
1 1 126 9
2 1 239 9
1 21132 7
3 1 340 5
1 22120 5
1 21121 7
1 2124311
2 21319 5
2 21236 5
1 6143812
1 4333012
1 8133711
1 3133210
1 7143113
2 21235 9
1 4223012
1 2123312
6 1 229 9
6 6123910
6 22232 9
1 3142112
6 1 416 5
1 51435 9
1 22120 9
1 7124311
1 22228 5
1 21140 9
5 2133315
4 2123010
1 3233010
6 41439 9
1 31339 9
1 3133210
6 1 23911
6 1 217 7
6 5 217 6
1 8133212
6 31215 5
1 7142811
6 31334 9
6 31318 9
1 2222912
6 4123410
6 3133912
6 4142212
1 31242 9
1 4133712
1 2113810
1 4133412
6 6142110
6 61316 6
1 7142812
6 41416 6
1 4224312
6 31317 6
1 4223910
2 1 32210
1 31334 9
1 6144412
1 5143310
1 1 33311
6 3142010
1 3124112
1 3233412
1 2132911
1 4232610
1 1 32712
1 3143012
1 52223 9
1 31443 9
1 4133510
2 31339 9
1 1 23012
1 3222712
1 3142910
1 1 23012
1 4133613
1 4232812
1 3144311
6 42315 5
1 1 33510
1 32434 9
1 31337 9
4 4134413
1 4133310
1 21343 9
6 31417 9
1 2143813
1 4153912
6 2232110
1 21337 9
1 2133412
6 81217 7
1 71235 9
6 82415 5
6 31215 5
1 72340 9
6 31323 9
6 21116 7
6 21238 5
1 21223 5
4 3134411
2 1 33813
6 1 23614
2 51243 5
6 4124210
6 1 129 9
6 4142712
4 6123912
6 3232210
1 4123312
1 4232712
1 1 32912
1 22231 9
1 7223512
1 2133813
1 21225 9
5 21242 5
1 21233 5
1 1 223 9
2 22227 5
2 22219 5
2 52226 5
1 2223011
6 51324 5
2 21237 5
2 22325 9
6 1 215 5
6 1 322 9
2 21135 9
1 21220 5
2 22227 5
4 32236 5
5 22128 6
1 2124310
5 21141 5
2 21226 5
2 1 139 5
6 33224 5
6 21225 5
1 1 232 9
1 21332 9
1 32243 5
1 21224 9
2 1 223 9
2 2123510
4 41239 5
2 31122 5
1 21228 5
5 22335 5
5991236 9
1 3144212
1 1 236 9
2 1 137 6
1 21229 5
1 3132712
1 41132 9
1 3113611
1 31442 9
6 61231 5
6 22318 9
1 7233112
2 4224113
6 4214313
2 21237 5
6 1 217 6
1 51227 9
1 21232 5
6 81217 9
6 31330 9
6 32225 9
2 41241 9
5 51218 5
6 4133412
2 21226 9
2 21219 5
6 32320 9
1 32522 9
2 22221 7
6 6142411
4 31337 7
2 21136 9
6 31140 9
6 32321 9
4 51344 9
1 21237 5
2 22224 5
1 21333 9
6 21218 6
1 22518 7
4 51243 9
4 21135 5
6 31318 8
6 21343 5
6 31343 9
6 8233213
1 51424 9
1 1 332 9
1 4323010
1 6143610
6 1 117 7
4 1 24113
5 31333 5
4 6143610
1 3143513
1 2133710
4 32244 9
1 1 23311
6 7123813
4 3133010
1 3232912
1 22342 9
1 3132711
1 2133012
1 3132610
2 3134411
4 3223210
1 3242512
6 1 23110
1 3242410
1 21225 9
6 1 22512
6 3123712
4 22144 9
4 3213910
6 3212310
5 7142410
1 2132610
6 2132610
6 4132512
6 4153012
4 4244312
6 1 34013
6 31236 9
3 61343 9
6 1 23212
6 81415 5
4 2133910
6 31315 5
1 3142110
6 7122410
1 8223210
1 1 322 9
2 1 32412
1 2122712
2 3233112
2 2122010
4 7122312
1 71229 9
6 3232713
4 1 135 9
6 22219 9
1 5134210
6 8142613
5 2123712
1 7222511
6 51128 9
1 2342210
6 41421 5
1 5322411
1 4143812
6 22420 9
4 2133112
1 22340 9
2 8313514
5 61118 9
5 4234112
1 4134310
4 72332 9
5 3124110
6 2142210
6 1 22512
6 1 32210
1 8122812
6 83217 7
4 72324 6
1 6132212
2 1 32510
1 2123212
1 3133210
6 51218 5
1 7143515
6 51315 5
1 7132711
1 21336 9
2 8234213
4 2123510
1 2232410
1 7143610
1 2123010
1 2134010
1 1 238 9
6 21322 9
1 51420 9
1 2143411
6 1 33212
6 1 215 5
2 23230 9
1 8143213
2 7233110
6 2212111
3 5143910
6 1 32912
2 22323 9
2 1 235 9
6 3231810
4 6142410
6 22319 9
1 81133 9
4 2124112
2 1 23312
6 81242 9
1 1 42310
2 8323512
2 2243413
1 7144012
1 4233012
1 6133410
1 2233312
1 4133513
1 2232812
6 2241910
1 4132710
1 23334 9
1 21426 5
6 62217 7
1 7124412
6 22115 5
6 82215 5
1 1 234 9
1 1 42210
6 42217 7
6 8122812
1 22336 9
1 7133911
1 4243315
1 7143510
2 6133212
1 4143911
2 1 424 9
1 21229 9
6 32323 9
4 1 23011
6 8132312
2 1 119 9
6 6132712
6 2142712
4 2222711
2 1 22210
1 7143412
4 4123510
6 51316 6
6 22418 9
6 21317 7
1 6123511
1 6323113
1 7243212
1 2333112
1 2333113
4 4134412
1 6133310
1 1 32410
1 41332 9
1 8324012
1 4223311
1 1 220 9
1 6142712
4 21334 9
1 4222910
6 62315 5
1 71344 9
6 2142010
1 4234110
6 61227 6
5 31240 6
1 21230 5
2 8212511
2 42218 9
6 3132610
5 7142010
6 1 23312
2 6342411
1 1 23412
1 21230 5
2 21229 5
6 21225 9
1 22233 5
2 22321 5
6 23221 6
1 21223 5
1 22224 9
4 2124313
6 82218 9
6 22442 9
1 4133811
1 6144111
1 1 343 9
6 1 317 7
2 22321 6
6 8133612
1 72244 9
1 1 33613
6 4233113
1 51328 9
6 72217 7
1 2223313
6 1 219 9
2 71436 9
1 2224012
6 5 217 7
1 2144114
1 4224310
6 72237 9
1 2134312
1 2234012
6 8322812
1 4134413
1 81332 9
1 1 23210
1 1 23715
1 1 24113
6 2232412
6 31215 5
6 41317 6
4 31228 9
1 42431 9
1 5152710
1 4253112
1 1 320 5
2 72227 5
1 21241 5
6 2222310
1 22336 9
2 21227 5
1 52238 5
1 22329 5
2 22139 6
1 2132010
4 21227 9
6 22217 7
1 31344 5
1 8134212
6 7232310
6 21329 9
6 23421 5
1 2124115
1 61241 9
4 6144010
2 2222312
1 2233310
6 71216 6
6 61318 6
6 22217 7
6 22320 7
1 81143 9
1 2133612
6 1 328 9
1 1 121 9
1 1 330 5
6 51315 5
6 1 34410
4 51242 5
6 41244 9
5 2224212
1 63221 7
1 8113310
1 2142912
1 22240 9
6 2132312
6 21416 5
1 23244 9
4 2253912
6 2252612
6 4124411
6 1 119 9
6 2233013
1 1 23612
6 4133112
6 21218 9
6 21240 9
5 22236 6
1 22229 5
2 22217 5
6 2222210
1 5133112
6 2232311
1 2123811
1 51232 5
1 51123 9
6 51216 6
6 2132512
6 62225 9
6 42227 9
1 7143211
6 1 318 7
6 2233513
6 4232812
1 6133312
6 4333912
2 1 32310
2 8322210
6 1 23712
6 61129 9
6 4132912
4 1 333 9
6 1 32710
4 1 537 9
6 8232813
1 22239 9
1 2232312
6 1 32110
6 1 33612
4 7152510
1 7134212
698253512
6 4131910
2 1 32110
6 4123812
6 7142713
5 4133210
6 51338 9
1 2133211
6 41317 7
2 2142710
6 71317 6
2 1 23312
1 2133510
2 1 34010
1 21142 5
6 61215 5
1 21343 5
6 21220 9
6 32421 9
6 22217 7
2 21244 6
1 51327 9
1 21238 5
1 2123410
5 51223 9
1 2123310
6 21238 5
6 22218 7
2 21331 7
1 2124012
1 51336 9
6 22218 7
6 22215 5
1 21325 7
6 7131910
1 2124012
6 83319 8
1 22237 5
1 5142810
6 23318 9
6 51315 5
6 22215 5
1 21231 9
2 22236 9
6 22316 6
6 62216 6
6 7122310
1 8233015
1 3123610
4 2213811
1 8123310
1 7322912
1 2232812
1 21324 9
1 22237 5
6 2213610
1 22330 9
5 2112812
2 1 22210
4 4143712
1 2133513
4 2124010
2 1 228 9
1 2232810
4 1 230 9
1 2123010
6 31219 5
6 7133912
6 4132713
4 8223010
6 71316 6
1 1 225 5
1 1 22310
2 21321 9
5 22325 7
1 83336 9
6 1 243 9
6 4141910
6 2152110
4 3132610
6 1 34310
1 5133812
6 21216 6
1 21324 9
5 22229 9
4 61437 9
2 21133 6
6 21332 9
6 22316 6
6 21217 9
1 21343 5
6 2222611
5 22323 9
4 51342 6
6 21241 5
4 51335 6
5 21231 5
1 23244 7
1 2112710
1 21232 9
1 22236 5
6 21317 7
2 63324 5
2 21229 5
1 21239 9
1 8233212
6 71519 9
1 2233313
1 4253411
6 1 318 7
1 4344212
6 5142412
1 2233712
1 7134210
1 6144112
6 82318 9
4 8224212
2 1 53410
2 2242212
4 1 22813
6 1 22210
2 1 24012
6 1 316 6
6 2211810
1 1 24111
1 4333311
1 2322813
6 71315 5
2 72239 9
1 6134310
6 23217 6
6 22215 5
1 2254310
6 1 22512
1 3123911
2 1 321 9
6 8231910
1 5123710
6 2212310
1 5132712
6 32318 9
4 8253010
1 2223012
6 8352812
1 2133110
1 1 13512
1 1 230 9
1 8232812
6 2122110
2 2242515
6 5132410
1 71228 9
2 8123310
1 32143 9
6 71515 5
6 22215 5
4 5132913
1 51339 9
1 22226 6
6 22119 6
1 52135 5
6 6123012
1 51233 5
6 22221 5
6 1 218 9
2 5143910
1 1 135 5
6 3143410
6 3132510
6 31116 6
2 71136 5
5 21238 5
2 1 322 9
1 21128 7
1 51123 5
6 1 331 5
1 22125 5
1 71140 5
1 22335 5
6 3223110
1 22222 9
6 21236 9
1 61242 5
4 4122410
2 21226 9
1 21342 5
6 62217 7
2 21227 5
6 3134310
6 2312512
6 2243112
1 2132810
6 2222513
1 2223511
6 1 328 9
6 3133712
1 7333315
6 22316 6
6 1 22310
2 1 23910
6 4353410
6 42215 5
6 6233212
1 4243712
6 2133413
6 2132710
1 7133913
4 31241 9
1 42342 9
6 3123110
4 3134410
6 2222010
6 2122610
6 31228 7
6 23324 5
3 3134310
1 21326 5
1 2124310
1 22230 5
6 21325 6
1 1 243 5
6 41216 7
6 8134412
1 22138 5
6 7143012
6 6133113
1 7223312
1 2133112
6 21226 5
6 7213411
2 21223 9
3 5114110
6 2222010
6 5122010
6 31243 9
6 7132810
6 41317 7
2 1 32812
2 5232810
1 4123410
6 4242311
1 3123511
1 62336 9
1 2333412
6 1 42510
1 2233512
4 1 33810
5 3224410
1 22226 6
5 1 42410
6 6231910
6 1 22110
4 5123210
5 61121 9
1 31325 9
6 42226 9
6 21328 9
4 31343 5
6 6231910
1 61340 7
2 7123010
1 21226 5
6 31317 7
6 31333 9
6 31317 7
6 1 222 5
5 22230 5
2 1 218 9
6 21229 5
2 21443 9
6 81123 9
6 21421 9
2 22226 5
6 51327 9
6 21336 9
1 21237 5
6 5122310
1 21327 5
3 22227 9
1 51444 9
6 3123010
6 3322710
4 3134112
1 21326 5
6 6124310
1 21224 9
2 1 323 5
4 81235 9
1 31418 9
6 22216 6
2 21241 9
6 41222 9
6 1 421 8
6 3133012
6 3142810
6 2333012
1 21234 9
1 22224 5
1 21333 5
2 2222010
6 21231 5
2 21220 9
1 2123011
6 21335 5
2 22221 6
1 22223 5
6 3132210
1 2233312
2 1 22210
1 3233810
4 7143911
1 4223114
1 7323810
1 2114112
1 61434 9
1 61421 9
1 3142410
4 22124 9
1 8222911
4 1 43210
1 1 42410
6 4143011
1 31320 9
1 2232212
1 2223012
1 2133110
1 1 42812
4 8154413
6 1 22512
6 2312610
1 1 22512
1 1 32412
1 1 33313
2 1 22712
2 8323012
6 1 42410
4 61236 9
6 2142210
6 1 32810
1 8133015
4 3213512
6 1 220 9
6 7132212
6 1 320 9
6 1 12710
1 2324112
1 4123610
6 43225 9
1 42144 9
1 1 239 9
1 1 236 9
1 8133712
1 62334 9
1 41243 9
4 1 13712
6 1 31910
1 7142210
6 82315 5
1 1 24013
1 1 33512
1 23339 5
1 1 323 7
2 2213510
1 4223311
1 2123312
1 8134011
1 8223611
4 4114310
6 22224 9
1 7222412
1 8223112
1 1 23612
1 2222711
1 21237 9
6 1 219 9
1 51428 9
2 41324 5
6 3142210
4 7113411
6 3322612
1 8232513
2 2322815
6 2322612
4 4123912
1 6132712
6 7142312
6 2142412
4 2123612
2 1 42512
1 7142712
6 7122010
4 1 23315
1 2233012
1 4222912
6 3132310
2 1 33015
1 2213611
6 2242010
6 61234 5
6 8122111
4 2122910
5 22231 5
5 23232 5
1 21231 9
1 2222910
6 22221 9
1 2122510
6 2121910
5 21128 9
1 71326 9
6 21132 5
6 7344012
5 71227 6
6 2222711
6 1 318 9
1 4133912
1 71428 9
4 7113210
1 51241 9
1 1 12911
1 22437 9
6 1 42411
1 2233812
6 71416 6
4 21144 9
5 1 23311
2 8232010
6 2321910
6 32318 7
1 3123511
1 22335 9
6 8113910
1 71339 9
1 1 223 9
5 23133 7
1 2132412
2 7223110
6 52416 6
1 1 23411
4 7123610
1 1 22810
1 1 23411
1 22331 5
1 61334 9
1 51327 9
4 7123711
5 1 13010
6 5132210
1 1 228 5
1 21141 5
6 1 426 5
1 21135 5
6 8233411
2 21231 9
2 21225 5
4 22139 9
1 21241 5
2 2213210
6 1 242 9
4 8322810
6 2224210
4 2212910
1 5143210
6 1 33112
1 1 22310
6 8223012
6 1 22812
6 2133412
5 2313710
1 22326 5
1 2143710
1 2132812
6 2242510
6 1 32110
6 2232711
1 2123012
6 2133512
6 1 217 7
4 6213410
1 5133110
6 22329 9
4 1 24311
1 71231 9
5 5133010
1 2142410
1 21331 5
6 22317 7
6 51316 7
6 22217 6
1 22537 5
1 2112810
6 2122810
2 3212712
2 4232211
6 1 335 6
1 2133312
1 2122612
1 51230 5
2 7142211
6 3123612
1 1 427 9
1 7113210
6 2134110
4 2224110
1 6142410
1 1 22712
6 71317 9
2 3133010
6 21328 6
6 22320 9
6 22318 7
2 1 326 6
6 61215 5
6 1 323 9
1 1 235 9
4 1 32410
1 1 224 9
5 1 32310
6 8253610
5 8133911
1 21230 9
6 51316 7
4 5122510
1 81227 9
6 71436 5
1 3133012
1 7143311
6 51317 7
1 21123 9
1 22331 6
1 21241 5
6 31215 5
6 41431 8
1 21220 7
5 7134210
2 1 12210
6 1 218 9
6 3142210
6 21222 9
1 21140 9
6 21133 9
6 1 219 8
1 22230 5
2 21320 5
2 51231 9
6 2123210
1 51330 5
2 21228 5
4 1 237 5
5 22140 5
1 21132 8
6 21223 5
1 22227 9
1 6124111
6 2223511
1 21232 9
2 1 238 9
6 7123810
6 1 326 9
6 51319 9
1 2132912
1 2134010
1 1 24412
6 22318 9
6 72116 6
5 22231 9
2 6232610
1 62137 7
1 21126 9
2 2323112
4 5123912
2 22328 9
1 1 139 5
1 61342 5
6 82317 7
6 8341910
6 23226 9
1 7232915
4 1 337 9
6 6232010
1 1 443 9
2 21123 5
1 21331 9
2 21230 9
6 52215 5
1 21324 5
2 21220 5
1 21224 5
6 21216 5
1 21222 5
5 41241 9
1 21232 9
1 1 433 7
1 7133911
1 22239 9
1 3143811
1 1 24210
6 5224310
1 1 23610
1 1 230 5
1 22234 7
1 82229 9
1 21341 9
1 2133712
6 2232010
1 1 24212
1 1 43511
6 4133212
1 21431 9
1 51339 9
1 21229 5
1 21244 5
6 21328 7
2 21230 5
1 21140 5
1 22221 9
6 32219 9
6 21216 6
1 7133110
1 21132 5
1 62234 9
4 41236 9
6 1 317 7
6 22315 5
6 42423 9
1 22139 9
1 81136 9
6 8232212
6 61215 6
1 22232 9
6 7132210
6 4333112
6 1 22110
1 4233010
1 6132610
1 2133715
6 41326 9
1 71436 9
1 21228 6
4 31239 9
1 6233010
6 3131910
6 2152510
1 6133211
5 21224 6
4 1 344 9
6 1 318 6
1 21225 9
6 2142210
5 21140 5
1 22121 5
1 22237 5
6 12316 6
1 61342 5
1 8124212
1 4224010
1 72228 9
6 32218 7
6 72327 9
6 1 222 9
6 1 21810
6 21418 7
6 22318 9
4 4114312
1 4134312
6 8133311
1 8124313
1 2334010
6 1 242 9
6 2222310
1 2223310
1 72223 9
6 4234310
1 7134012
6 1 32010
1 5133711
6 1 315 5
6 42217 7
1 2133913
1 4223913
1 2333212
6 6244211
6 1 23812
6 1 115 5
6 1 33613
1 3223212
6 61324 9
6 82215 5
5 8223811
1 32127 9
1 8233712
1 3134010
1 1 142 5
6 73221 9
4 3212612
4 7143810
4 1 33512
2 2322512
1 4133112
6 2242210
6 82316 6
2 1 32310
1 1 330 9
1 22439 9
1 31340 9
1 22336 9
2 6241910
6 2122210
6 2222712
1 3133810
6 51233 9
6 5142010
1 21536 5
6 22217 7
6 22323 9
6 1 316 6
1 31241 5
1 2133912
1 2133510
2 2332411
6 3132210
6 1 22110
6 1 23214
4 81136 9
6 1 337 9
6 8222512
6 1 22010
1 8323111
4 1 132 9
2 23221 6
1 8132512
6 3212312
5 22232 8
6 2131910
6 8122612
6 7133012
1 21329 5
1 22232 5
2 3232412
6 31315 5
5 1 33210
4 71537 9
6 1 328 9
2 3113410
1 71340 9
1 2143611
1 31328 9
6 8242110
1 51238 9
1 82330 9
6 51231 9
1 2113511
2 1 32610
6 31335 9
1 21237 5
5 21138 9
1 1 329 9
1 31337 9
1 2212811
1 1 42812
1 1 22712
6 3233010
6 52215 5
6 82227 9
1 1 238 9
1 8133112
6 1 216 6
6 1 12712
1 2323615
4 1 24310
1 1 23715
1 1 23715
1 2332310
6 2322210
6 8222612
6 8222910
6 1 22612
4 1 22810
6 71434 9
4 8213012
1 4233912
6 61325 5
1 21328 9
1 3133010
6 2242010
2 8133910
1 2133210
2 2232110
6991319 6
2 1 22110
1 51341 8
6 2232310
6 21320 9
6 22221 9
6 2122010
1 2243411
1 21328 5
6 1 22512
1 2113910
2 1 22412
6 1 12712
6 2132212
6 41117 7
6 32241 9
1 1 23810
1 4124111
1 2224212
1 4223110
6 21235 9
6 21115 6
1 2134112
1 3224212
6 6134310
4 2334110
4 2124111
6 4233412
1 21234 9
1 2233413
1 2223612
6 1 331 9
6 22215 5
1 4234410
6 4 416 6
1 82136 9
6 81118 9
6 4222110
1 2132612
6 8332412
1 51531 9
1 22239 9
6 4222312
1 2214311
2 6223010
1 2123912
1982443 5
6 21227 9
1 7142410
6 22318 7
6 41215 5
6 23222 5
6 32238 9
6 1 527 9
1 5233210
6 3212810
3 31343 7
1 51330 5
6 1 325 5
6 1 230 7
1 31341 9
6 1 516 6
5 1 128 9
6 31318 7
2 1 520 9
1 31323 9
5 23130 9
6 2111910
6 2232812
6 8332212
6 42235 7
6 31318 9
6 3132811
1 1 140 9
6 82228 7
1 2133610
6 31321 9
6 1 328 7
6 7212112
1 2113710
6 51216 5
6 4234412
6 51321 7
1 3134411
6 41342 9
6 22224 9
1 51238 5
6 22218 9
1 1 124 5
1 1 324 6
1 1 132 9
2 21117 5
6 22228 5
6 51130 9
4 1 324 9
1 1 429 5
1 51318 5
3 2132711
1 8232510
1 51344 9
6 82117 6
4 1 240 9
6 51316 6
1 2133210
1 4232810
6 21318 7
2 52220 5
6 22329 9
1 21234 9
4 8323712
1 6114110
6 2242412
1 33437 9
4 2222812
6 2323312
1 7133210
1 6232712
1 7224410
1 1 34111
1 51330 9
1 1 125 9
1 2224212
6 22217 7
1 4224212
2 4223811
1 82243 9
1 3133912
6 7212810
2 1 323 5
2 2242110
4 1 23212
1 2243410
1 22327 9
1 2234410
1 81222 6
6 6223712
6 2132110
1 2232313
2 8132612
4 21143 9
1 2142312
6 1 32612
6 2332710
6 2223811
6 1 12910
1 51233 5
4 1 13413
1 4343010
1 2323112
1 2123913
1 4224411
1 2224112
6 1 32110
1 2224312
6 1 319 9
1 4323312
1 1 54012
6 1 24010
1 82237 9
1 2234112
1 2154012
6 1 127 6
6 1 328 5
6 1 218 7
6 1 128 9
6 31424 5
1 1 437 9
5 8123310
1 1 23112
1 3133311
6 2141910
6 31236 9
5 32242 9
6 21418 7
1 2214012
6 2232111
6 1 33510
1 1 53813
1 4154410
6 2231910
1 7232812
1 4224111
4 2134013
1 1 24010
6 22216 6
1 2224012
1 1 23310
1 2232912
2 2124410
1 22335 9
1 72334 9
1 2122812
1 2133612
6 22215 6
1 2233810
1 5133212
6 81216 6
1 2213510
6 72419 9
1 4124412
1 22239 7
1 21335 9
6 22315 5
1 2133611
6 32123 9
6 2132513
6 2233311
6 2253510
1 2133910
6 3232812
6 21216 5
6 1 12611
1 2124213
2 41241 9
1 22320 9
5 21335 9
1 83330 9
6 81320 9
6 1 22412
1 7232412
1 1 22713
1 2123410
2 1 230 7
1 21241 7
2 21138 9
5 2114410
6 7153012
6 32330 9
1 31136 9
2 21125 9
6 6132912
1 3123310
6 2132910
6 6133010
2 2222311
1 8322413
6 32538 7
6 1 22210
6 2122512
6 1 417 7
1 3142712
6 3234412
6 5122910
6 1 221 9
6 31225 6
6 31342 9
4 31244 9
6 2342010
1 2222912
1 8134313
1 4232913
1 81230 9
1 2123613
2 21321 9
1 7142410
6 2232110
6 22224 9
6 4223913
1 21233 7
4 42240 9
6 22128 5
1 1 324 9
1 51429 5
6 3232710
6 2232210
6 22326 5
6 32215 5
1 61344 6
4 2133712
6 22118 9
1 22330 9
6 21323 7
1 29236 9
6 22318 9
1 41138 9
1 1 43512
1 8323412
6 1 215 5
1 4123710
1 4134312
1 21329 9
2 32325 9
5 2143011
1 2124413
6 51420 9
1 41243 9
4 6153610
6 2252210
6 31316 7
6 1 22110
1 81325 9
1 2233313
1 4123712
6 2343312
1 2313213
6 1 216 6
6 1 23310
1 8124113
6 1 23410
2 2242212
1 1 13315
1 2224113
2 1 42613
6 81330 9
1 2313713
6 21216 6
6 1 319 9
1 22444 9
1 72339 9
6 42220 9
1 22244 9
1 21439 9
1 2134312
6 2133815
1 21241 9
1 2224315
6 22218 9
1 21234 9
2 4154111
6 22217 6
1 3134212
6 1 219 9
4 4132710
3 62438 9
5 1 235 6
2 1 326 9
6 42217 7
6 81416 5
6 1 224 9
4 3123510
4 6133811
6 52218 7
6 42417 7
4 4213810
6 2213613
1 2224412
6 4132110
6 1 417 5
6 1 233 9
2 21234 9
6 82315 5
3 2124211
6 7132212
6 72237 7
1 62243 9
6 4231810
1 6233510
5 1 335 5
6 72233 9
1 31324 9
5 31440 9
6 71222 5
4 21138 9
1 62332 9
1 62330 9
2 43339 6
6 62237 9
6 72217 7
1 42229 9
4 1 13412
1 4123110
4 1 14310
2 1 237 7
1 3144012
1 1 23612
6 4222212
1 4223411
1 2143711
4 2334110
6 23217 7
6 21238 9
1 6142711
6 41119 9
1 61442 9
1 1 240 9
1 21424 9
1 41237 9
1 22233 9
1 42437 9
1 1 337 9
1 31238 9
6 1 31910
1 4223212
1 4233712
6 6123710
6 2123410
6 31316 6
5 1 126 9
5 1 24410
1 21438 9
1 2213910
6 2121910
1 22242 9
1 63229 7
6 63218 7
1 72334 9
6 4122413
1 42326 9
1 41138 9
1 4154013
1 61340 9
1 42434 9
6 41338 9
6 21215 5
1 41326 9
1 42237 9
1 81138 9
1 1 43310
1 31336 9
6 4222510
6 71316 5
1 41325 9
6 4233410
6 51444 9
1 2243112
4 1 14415
1 4124012
6 62119 9
6 42316 6
1 4133012
6 2231910
4 71327 9
1 7132910
1 6143212
2 81336 7
6 22415 6
1 4322811
1 62323 9
1 8223711
6 82225 9
6 51238 9
1 81324 9
6 8212710
5 21331 9
6 61241 9
6 3232412
6 3133012
1 21230 9
1 41244 9
6 4234010
1 5133810
1 42329 9
1 1 23410
1 2232912
1 1 230 9
6 31331 9
6 7133810
6 21118 9
6 62338 7
1 1 24310
1 32341 9
198322913
6 8333113
6 1 23410
1 1 22510
6 2213310
2 1 122 7
6 4223312
2 1 22510
6 5232010
2 4232915
1 8232310
6 3142412
6 1 32710
1 1 429 9
2 6132410
1 8223310
1 4332912
1 2232612
198222714
6 22318 9
1 2233312
4 1 32510
6 2232110
2 1 22412
1 51441 9
2 53220 9
1 82343 9
1 2223215
6 31215 5
1 4122812
1 1 322 6
5 1 122 9
1981240 9
6 51237 9
6 4142310
1 51441 9
4 1 34011
1 31337 9
1 1 241 7
4 32343 9
1 31321 9
1 32422 9
6 1 218 9
1 31340 9
1 1 229 6
1 43336 9
1 4223712
1 61136 9
1 7222210
6 72417 7
4 2244310
1 7124310
6 1 317 6
1 2144012
1 51519 6
6 31343 9
6 22227 9
6 1 124 9
6 3133110
6 1 13511
6 1 33511
6 41423 9
6 3232111
5 51230 6
6 61425 5
6 62229 9
6 32319 9
6 2322410
6 82223 9
1 41239 9
5 42331 9
6 72216 6
1 41339 9
6 1 319 9
1 71334 9
6 42317 7
6 41221 9
1 81429 9
6 1 318 5
6 1 119 7
1 71325 9
1 1 531 9
6 21416 6
1 1 22711
6 52216 6
1 4323611
1 32238 9
1 6114010
4 2224313
6 32327 6
5 6143810
5 33540 9
2 51539 6
1 32142 6
2 31321 9
2 31331 6
6 1 320 9
6 51127 9
6 82218 5
6 1 240 7
6 41320 9
6 22322 5
4 31343 9
6 31221 7
6 4 217 7
2 31221 9
6 31427 5
4 32242 5
6 31230 6
6 21433 5
6 32218 5
6 1 242 6
2 31238 7
6 32424 7
2 31222 9
6 22330 9
6 31339 6
6 2221910
6 52318 7
1 1 32910
1 41231 9
6 21215 5
1 2232510
1 2133511
1 81243 9
4 21243 9
6 1 130 9
1 4132610
1 1 24013
2 4132312
6 33315 5
2 1 31910
1 2222512
2 41234 9
6 3142410
1 3133410
6 1 126 7
6 1 325 9
6 62316 6
6 1 329 7
6 31325 9
1 3134310
1 4142510
1 7133010
6 1 221 9
6 7132510
6 31219 9
2 31319 6
6 1 218 7
6 71129 9
6 61438 7
6 1 321 9
6 2242110
2 62429 6
6 72332 9
1 7233115
6 4222210
1 52125 9
1 71228 9
6 4123812
1 3142910
6 41335 9
2 1 418 7
1 2132512
1 4134013
6 6132010
1 61235 9
6 42218 9
6 41318 9
6 61317 6
1 6233710
1 6123713
1 6143112
6 61118 9
6 61215 5
1 61338 9
6 61318 9
6 61417 6
4 3133411
6 3142210
6 4142610
4 7133612
2 41343 9
4 6144410
6 7122610
4 2123710
6 1 32612
6 32417 7
1 22437 9
6 2133910
6 1 217 7
5 31130 9
2 21343 9
6 22232 9
1 2133511
6 1 123 9
1 2142910
4 42227 9
1 3123015
1 32429 5
1 5233212
1 42233 9
2 6112611
4 1 337 9
6 52218 9
1 4224310
1 2223511
4 2233112
1 7133212
1 2233110
1 7142714
1 6122110
6 22321 9
1 1 243 9
1 2223212
6 1 42110
6 4132211
6 4232110
1 1 22210
6 22325 9
5 42330 9
2 1 224 5
6 1 229 9
2 52123 7
2 8322612
6 1 23612
2 22220 9
6 31318 7
2 21444 9
4 22430 9
4 4123610
1 2234113
1 21139 5
6 4232811
1 1 23012
6 2223512
6 2223613
6 51415 5
6 22317 7
6 51218 7
6 22318 9
6 2233113
1 41334 9
6 41119 9
6 1 32210
2 22424 9
1 5244011
6 22218 7
4 2143810
1 4223611
6 12317 7
1 2223012
1 4223912
1 42243 6
2 1 125 9
6 6142010
1 4144413
1 4123412
6 2142512
4 4113810
1 1 42410
1 2232510
2 2332311
6 4132111
1 62444 9
6 7222010
6 42217 7
6 4221910
4 21240 9
2 42422 9
1 21340 9
1 4132612
1 2133510
1 2234015
1 2134213
1 1 241 9
1 4133310
1 2233612
6 31222 9
4 23244 9
6 7142412
1 4233010
5 1 129 7
6 42216 5
1 42428 9
6 42324 9
6 22215 5
6 1 23712
6 21216 6
1 2153311
6 2312310
1 21340 9
1 7123712
1 4233110
6 22418 9
6 6141910
1 7124112
6 4133013
1 22332 9
1 4223212
6 2221910
1 2132612
6 71415 5
1 1 138 9
1 4223413
6 1 518 7
6 73215 6
6 7132212
1 5132610
1 42331 9
1 72237 9
1 4234111
1 42336 9
6 82320 9
1 4142212
1 61443 9
6 2223011
6 6142110
1 3223811
1 32234 5
1 5113412
1 52440 9
1 2332812
2 1 33112
5 1 343 9
6 1 525 9
4 4143410
1 4222710
1 7234110
1 1 23710
6 2222410
6 3142210
2 5131910
1 2233013
6 1 22010
1 1 32010
3 81535 8
6 22318 7
4 1 23612
1 51334 9
6 81320 9
2 7122212
4 2122410
1 72324 9
1 21122 9
2 31426 6
6 1 32411
6 1 331 9
6 6122210
4 22240 7
1 41331 9
1 5124410
1 71225 9
6 1 222 9
6 4 416 5
4 42235 9
6 42316 5
5 31225 6
4 1 224 5
6 22430 7
1 41421 9
6 43335 9
5 5143111
6 1 119 9
2 1 231 9
1 4242415
2 31344 9
6 1 316 5
1 22330 9
6 3123710
6 4134311
4 4222610
6 2233212
6 1 22212
2 31222 9
6 2232312
6 42215 5
6 7232212
6 2122111
6 41318 9
6 1 22312
5 3332110
6 81324 9
1 1 22312
2 21326 9
6 2123215
6 2142010
6 4142110
1 8242512
6 7142110
2 51334 9
6 4222613
6 63215 5
6 4321910
4 4134315
1 3224410
6 82320 9
2 4231910
1 4233811
1 1 335 9
1 4223112
1 2133812
2 4142010
6 22315 5
6 2232412
6 1 21910
6 22217 7
1 4233812
5 21341 9
2 42340 9
2 83323 9
6 4223011
4 2223211
1 41242 9
2 42219 9
6 42316 6
1 21241 9
2 4322310
6 3132811
6 2132410
6 1 319 9
6 32220 9
6 72228 9
6 3232411
1 4224210
6 41316 6
6 41315 5
6 21321 9
6 22218 9
6 2212111
1 62334 9
1 2233612
6 2231910
6 2134112
6 22424 9
2 3222610
1 72427 9
6 2222210
1 4224312
1 2233511
5 42335 9
1 4322712
1 4232710
1 2123710
1 6233510
6 2213110
1 2113610
1 41240 9
6 4232010
1 2244110
2 22225 5
1 31434 9
6 21415 5
6 22417 7
6 2132010
1 4123912
1 21244 9
6 22219 9
1 3223011
6 2132111
6 1 32412
5 3124012
6 31317 7
6 61316 5
6 32124 9
2 81419 9
6 3222210
6 3132210
1 4222810
2 31222 9
6 1 319 9
1 22425 9
2 3124210
5 4123311
2 32535 7
2 4322712
4 4214110
1 3132810
1 3242310
6 31231 9
4 4223610
6 5222610
6 4222010
1 71240 9
2 6243012
1 1 329 6
1 3252810
1 4143211
6 31317 7
1 42426 9
6 3112010
1 4124012
2 4133310
1 2233110
4 2113810
1 2123411
1 2223312
1 2232710
1 4133612
6 42417 7
1 2123812
1 8243613
2 42223 9
6 7122611
1 3143410
6 1 22212
1 3333115
1 4233215
6 22317 7
6 4122110
1 2233213
1 7133712
5 8242310
1 41440 9
1 4143912
4 41334 9
6 3231910
1 3133612
5 1 14113
1 2243110
1 4333010
4 1 23915
6 4342010
1 1 23110
4 4133910
1 4142211
6 82216 6
6 4133610
6 2223112
1 22326 6
1 2243211
1 1 241 5
1 3143010
4 2123711
1 42338 9
6 41416 6
1 31128 9
6 41320 9
4 1 240 9
1 2144011
1 2243212
6 21318 9
1 2143613
1 6124213
1 4233711
6 5232210
6 1 32010
1 1 33410
6 21217 7
1 8233913
6 2132211
1 4133412
1 31437 9
1 4123812
6 1 34412
1 3123810
1 51338 9
1 51143 9
1 2124410
1 31432 9
6 22117 7
5 5144210
6 71316 6
1 61229 9
4 2332911
6 1 22810
1 3133212
6 4143112
1 3133112
1 5143012
6 4332912
1 4312910
4 2124110
1 31429 9
1 4143510
6 3132412
1 3133811
6 1 422 9
6 31238 6
6 41338 5
4 51244 9
1 31333 9
2 31342 9
6 11215 5
4 3133512
6 1 232 9
6 3133310
6 51418 7
2 31341 9
5 51341 9
5 4232910
6 61315 5
6 31418 7
1 51341 9
1 61443 9
6 4132310
1 3142610
4 41436 9
6 1 22812
1 4122912
1 3132511
6 32233 9
2 51326 9
4 31342 7
1 5133711
6 3134010
6 8222110
1 31234 5
6 31220 9
2 1 43010
2 3234010
6 6133511
6 32215 6
4 5124313
4 3123212
6 31337 9
6 31337 9
5 51244 9
1 31243 5
5 3133510
6 31316 7
6 2122313
1 4243412
1 72234 9
1 1 343 9
1 4134012
2 1 319 9
1 4224310
1 41338 9
1 4323710
1 7234311
6 4132110
4 3133211
4 1 229 9
6 31232 9
6 31215 5
6 41244 7
6 7 315 5
6 8132512
1 3133012
6 5142010
6 21315 5
1 3142712
1 3143710
1 3222810
1 3144211
2 1 33012
6 22417 7
4 3123510
3 31139 9
1 32328 9
1 3133411
1 4123712
4 42237 9
1 4213710
6 31227 7
1 4114310
1 4133810
2 31325 9
1 31336 9
6 31426 9
1 31229 5
1 5143012
1 1 23612
5 4143610
6 3122510
1 4143712
6 3123012
4 31343 9
6 4122813
1 1 23010
6 1 23712
2 3142512
4 1 13610
6 3232810
6 3124412
6 31323 9
6 31326 9
4 5114410
1 31232 9
4 1 143 9
1 5142812
4 3133110
6 32322 9
5 5133110
6 32220 9
1 1 324 5
6 81321 6
6 31128 9
6 21225 5
6 2234110
5 1 224 9
4 5223910
1 41341 9
1 1 13810
6 2242210
1 1 329 9
6 4242010
6 7132410
6 1 238 9
6 31318 9
1 32434 9
1 31320 6
6 5132710
6 42318 9
1 1 128 9
6 62417 7
1 1 124 9
1 7 33412
1 3143110
1 6132510
1 3133811
1 31326 7
6 31223 7
2 21223 9
6 1 327 5
6 31317 5
2 1 226 9
5 31442 9
2 31216 5
4 3124310
1 3143412
1 52325 6
2 32321 5
6 4134410
6 21115 5
1 4223313
1 31329 9
1 8134211
6 3142412
1 3124012
1 2223811
1 4143311
1 4123010
1 3122913
1 3132310
1 8333012
1 2323312
6 32116 6
1 8132812
1 6133512
1 6133811
5 32228 9
1 4144210
6 1 322 9
2 6332912
1 31235 9
1 3123910
4 32338 9
1 51431 5
6 31234 5
2 31136 9
6 51319 9
4 62235 9
6 3332010
6 7132010
2 82336 9
6 2322110
6 2132110
6 4232110
6 7132412
6 1 23712
6 1 32010
6 2132110
1 4124010
1 4133012
1 4123712
1 4123611
2 22236 6
4 31242 5
2 23223 9
5 6133510
1 1 123 9
4 7123810
1 71334 9
1 4133612
6 41318 9
6 1 32210
6 41318 7
1 4132310
6 4142312
1 4124312
1 2123710
1 4234411
2 42321 9
4 42137 9
2 23130 6
6 2222010
6 4242210
6 2222110
6 62230 9
1 21242 9
4 61240 9
6 51316 6
1 4134210
4 3124110
2 3133611
1 61236 9
6 41317 9
6 32215 5
6 3132810
6 1 123 5
6 7134110
4 31337 9
1 2133312
4 4333012
1 2323510
1 31321 9
1 4134210
1 4143512
1 4133813
1 1 23913
1 4123912
6 2242110
5 5133213
6 31322 9
4 3123511
6 61326 9
6 42217 7
1 1 233 9
6 32215 5
1 51237 9
6 4122010
1 4253112
6 21319 9
1 2224412
1 2233510
1 2224210
1 2223311
6 21216 6
6 6142010
1 5133912
6 51227 7
4 5113810
1 4123612
4 3123011
1 2133015
1 3142310
1 3124412
6 4242511
6 21116 6
1 41241 9
6 41316 5
1 51143 7
2 21321 6
6 51419 9
1 62317 5
6 51129 9
1 3133312
1 7123610
2 51132 9
5 7132612
4 5114210
4 8323410
5 2122911
2 62231 8
1 5144414
1 2123810
4 2323210
6 6142610
6 32216 5
1 7142810
6 21342 9
5 52323 9
6 22321 9
1 4223213
6 7242612
2 31137 9
6 7143212
1 2223311
6 2131810
1 3122911
1 1 142 9
1 6133613
1 5122811
6 1 319 9
1 6233113
2 3122610
6 31324 9
2 2132010
1 51420 7
1 21139 9
1 5333210
6 1 424 9
6 62319 7
6 21123 7
1 51236 9
2 33126 6
6 62215 5
2 22117 5
6 3132210
6 31215 5
1 2323012
6 1 516 6
4 1 223 6
1 2213210
1 22143 9
2 22224 9
1 51329 9
4 2123511
6 2233112
1 2223113
1 2123110
4 8223013
1 23323 9
6 62216 6
1 2113715
1 2212912
1 21134 9
6 22115 5
1 8222010
1 22134 9
4 2123713
1 21232 9
5 21137 9
6 32218 9
1 2123610
1 2153410
1 8252510
6 81543 9
1 2242712
2 22523 9
2 2132411
4 4223710
6 22537 9
1 5143010
1 1 33210
6 1 22512
1 2124413
6 21317 6
6 32217 7
1 2133411
1 8123910
2 6132010
1 31342 6
6 21416 5
1 21227 5
6 4323412
1 31332 9
6 3142410
1 4133610
1 72230 9
1 1 231 9
2 21216 6
6 4231910
6 32419 9
6 72321 8
6 23315 5
1 4123911
5 8123912
6 41123 9
1 32242 9
6 22317 6
1 2253710
2 52127 9
1 3132912
2 1 32811
6 31318 9
1 2133712
2 4133811
2 41327 9
6 21215 5
1 52228 9
2 31333 9
6 5122412
4 3133711
1 2223210
2 6133915
2 21322 9
1 41244 5
1 21323 7
2 5123511
5 8224011
1 2124110
5 21343 9
1 3132510
1 2132310
1 71228 9
1 22242 9
1 4212310
1 62234 9
6 2132411
1 2222911
4 6133312
6 31119 7
2 42122 9
1 21442 5
2 31141 7
2 61535 9
1 2223612
5 21125 6
6 42229 9
1 2123915
4 3133810
6 1 432 9
1 21238 9
4 23236 9
4 82341 9
1 4223910
6 52316 9
6 61319 9
6 4212810
1 23225 5
2 82135 6
6 31241 5
6 22216 5
1 1 139 5
6 21343 9
1 4143413
2 83318 6
2 51327 9
6 51316 6
1 22136 9
4 2142811
2 6133012
2 32341 9
2 51331 5
2 4123111
4 1 53711
1 2232211
2 2122910
6 22316 6
6 3 217 7
6 81516 5
4 2123110
1 2224212
3 21243 5
3 21143 9
6 82215 5
4 2123213
1 32344 9
6 7142311
6 3222010
1 3233711
2 21538 9
6 51417 6
6 1 118 9
1 21341 7
1 4342610
2 51338 9
6 4133012
6 23316 6
1 2124310
1 2123811
1 51235 9
1 51341 9
6 31325 9
1 2224410
1 1 12715
6 31428 9
4 4154112
6 41317 7
1 32220 9
6 82225 9
2 3131910
1 51536 9
1 3143312
6 3143810
1 5133810
1 7214311
1 7143311
2 3133010
5 6142510
6 2242010
1 31341 9
6 32219 9
1 51432 9
1 52437 9
1 1 328 5
1 4133110
1 3122510
1 32229 9
4 51133 9
6 1 118 6
1 31340 9
6 31217 7
1 41238 9
6 31421 7
6 31118 9
5 3253310
2 3142511
4 51340 9
6 32531 9
5 3133212
1 5143310
6 5142110
1 3344011
1 5133212
2 22222 5
6 81117 5
6 52218 7
6 51316 9
4 41236 5
2 22222 6
2 43243 9
6 31326 7
1 32336 9
6 22219 9
1 42326 9
4 51241 6
6 51315 5
6 21219 9
1 5134312
6 33215 5
6 31216 6
6 5122210
6 52316 6
1 4133912
6 42216 6
1 31339 9
6 43116 5
1 4133612
6 51318 9
4 32134 5
5 51233 7
6 3132811
1 5144410
4 1 24210
6 83215 5
6 22343 9
1 3132712
6 22217 7
1 1 33310
2 82132 9
1 4124210
1 2133315
6 1 22212
1 2224312
1 2224212
6 61218 9
6 1 238 9
1 1 323 9
4 22130 9
2 41233 9
1 22343 9
2 31320 9
6 51217 7
1 4334210
4 1 23612
5 1 320 5
2 6213510
6 32337 9
6 31327 9
6 31244 9
6 31238 7
4 31240 9
4 8124411
6 61316 5
6 7241910
6 3132110
6 2132312
1 31137 9
1 3123312
4 3223211
4 22232 9
1 31129 9
1 1 230 9
1 3213312
1 3233111
4 3134010
1 3132512
1 31233 9
1 3133810
1 3133612
2 4142010
6 31318 9
6 72423 5
6 31328 9
1 4132911
4 3134415
4 51140 7
1 3123815
1 31435 6
4 32131 9
6 3222212
1 7132912
1 4113511
6 3141810
6 7221910
6 3133113
1 4224114
1 4323412
5 81426 9
4 3224110
4 71231 7
5 62327 9
4 32119 6
6 31215 5
1 3222710
2 1 22310
6 32227 9
6 3132410
1 31328 9
6 71234 5
1 32231 9
6 61328 9
1 6124210
5 1 13111
1 1 230 9
1 31235 9
1 3213510
1 4214412
6 4222110
1 3143013
6 41216 6
6 41517 7
2 32220 9
3 31232 9
1 2112310
6 31215 5
1 7142710
1 5134311
4 31240 7
1 31444 9
1 31336 5
1 31244 9
1 31241 9
6 6114310
6 4122310
6 31238 9
6 3142812
6 31317 7
6 71422 9
6 1 32312
6 21117 6
6 51341 9
6 7142912
1 31337 9
1 7132710
1 3154011
6 61415 5
4 7143810
1 7142812
1 7143012
1 1 14311
6 31216 6
1 7142110
6 4252010
1 3134013
1 5133410
2 1112811
6 7142110
6 4132812
6 4122412
1 3122910
1 7142710
6 4233012
6 7134012
1 1 22211
6 7122312
6 7132912
6 3124113
6 3133510
1 4122610
1 2124012
6 32216 6
6 7134112
6 32318 7
1 81423 9
1 31132 9
2 51341 5
1 1 324 9
1 3132713
1 31235 9
1 52335 9
4 31231 6
6 42216 5
1 32542 9
6 3232411
1 32119 5
6 1 118 9
2 4232312
1 5133610
6 4222512
4 4142412
5 8213412
4 8224413
2 21328 9
6 2322412
4 3134310
6 42215 5
198824410
6 31334 7
6 31418 6
6 31321 6
1 31244 5
6 31233 5
6 1 326 9
1 3132412
1 31336 9
6 3131910
1 4323514
6 3124413
1 3144411
1 3133213
6 3134013
1 4132712
1 5123310
1 3144310
1 31244 9
6 31316 6
1 3123012
6 41218 7
1 3123310
6 3123311
6 82315 5
6 31120 9
1 51232 9
6 41136 9
1 4114211
1 4133812
1 6123212
1 72431 9
1 21231 9
6 3142312
6 31216 6
1 4143915
1 4132712
1 3133912
1 3133612
1 2223110
1 3243512
1 4224012
1 4123210
4 31223 9
1 4123612
4 22240 9
6 4132413
6 1 319 9
1 3134212
1 3124410
1 2143015
1 4143210
6 31417 7
6 82317 7
6 2143012
2 2214012
6 3233412
4 1 12713
6 8124112
6 1 23210
1 1 33212
6 1 317 6
6 1 22212
6 7142010
6 8222812
6 1 32310
6 1 22912
4 7133512
2 1 22512
1 4123113
6 1 32912
2 4352010
1 2233412
6 4233712
1 1 332 9
6 1 32512
6 1 52010
1 4232210
6 83216 6
6 2142110
2 6232010
6 2121910
6 6232110
6 7132110
6 2222110
6 2222010
6 4232110
6 2122010
6 2242110
6 2221910
6 2142110
6 2221910
6 8121910
6 2222010
6 1 42210
6 2212110
6 2212010
1 2232510
5 22320 6
1 2114112
6 21330 9
6 2212210
6 1 23012
1 7113210
1 21343 9
4 8223711
1 21236 9
1 72224 9
1 31131 5
6 21438 9
1 3133512
1 3153310
1 4222611
4 7123711
1 22223 6
2 4142912
4 61442 9
6 42140 9
1 2143211
6 22329 9
2 21232 9
1 21220 5
2 21228 5
1 22229 5
1 3213610
1 21234 5
6 21226 5
6 31231 7
1 21238 7
6 22227 7
6 1 417 7
2 1 429 6
2 22224 6
1 22131 9
6 22141 5
6 41136 9
6 32215 5
1 22231 9
1 21339 5
2 22140 6
1 52228 5
2 32226 9
2 1 34411
1 6133410
2 31230 5
6 22216 5
2 31339 9
2 51134 6
2 32127 7
6 31340 9
6 2233110
6 31231 7
6 31141 9
1 3134412
2 4322312
6 1 32210
5 31231 7
6 7232210
1 3142410
4 2124010
6 2224113
1 4223913
1 61336 9
1 2224112
1 31444 9
6 2122512
1 2124210
6 3131910
6 51315 5
1 7124012
1 71429 9
4 32330 5
6 4243312
1 3123710
1 1 342 9
1 3143210
1 31239 9
1 31326 9
1 42339 9
1 3233610
1 42240 9
1 3142612
6 1 119 8
6 32219 9
6 31229 9
6 31219 9
6 32420 6
6 1 423 5
6 31416 5
4 4253313
1 5142910
6 1 117 7
1 3152610
1 31327 9
6 51217 6
1 6144410
5 31428 9
4 3143910
1 3133210
6 3142910
1 1 34010
1 1 42310
4 4124210
6 32222 6
5 21333 7
1 3134111
1 22440 9
6 3122610
1 4223312
1 4133613
6 31317 7
1 1 34312
6 51418 9
1 61331 9
1 52332 9
6 32315 5
1 6224411
6 4131910
1 2134212
1 4234110
1 3143612
1 4134313
6 22418 9
6 2233912
6 22325 9
6 2122510
1 2132812
1 21244 5
1 2124410
1 2114412
6 2134311
6 21316 6
6 32116 6
5 5133110
1 2112310
1 2214010
1 2222710
6 21243 9
1 2222810
6 43315 5
6 41317 7
1 2113710
5 2222210
6 2122110
6 21318 9
3 22132 5
6 21343 5
1 61433 9
1 3133211
6 3222215
1 2123411
1 22128 9
1 21132 9
1 2123713
1 22137 9
6 21322 9
1 2113010
1 2142110
1 2122910
4 21343 9
1 7133712
2 2211910
4 1 326 9
1 5112210
2 2132410
6 2132510
4 2322312
6 2142110
1 2132513
1 31428 9
1 3133711
6 22318 5
6 2232310
6 21318 9
1 2133113
5 2244212
1 22331 9
1 2133810
1 31441 7
1 2123112
1 2134413
1 31330 9
4 22239 9
6 42417 6
2 72324 9
4 71341 9
6 62222 5
5 6223910
1 31338 9
6 71323 9
1 71340 9
1 5132310
6 41231 9
6 22230 5
1 1 218 7
6 2132310
1 31235 5
6 21315 5
1 21335 9
1 7134312
4 22243 6
1 21238 9
1 51333 9
1 2232715
6 1 24110
6 21219 9
5 21225 7
2 21325 9
1 21228 9
6 22226 9
2 31235 6
2 31218 6
5 32326 9
6 51416 6
6 7242110
1 22241 9
1 41242 9
1 22332 9
1 2143412
6 2223012
1 2213312
6 29315 5
6 71322 9
2 5122211
2 6224110
4 22343 9
6 22218 5
1 32234 5
6 22334 9
1 21235 6
6 71240 9
4 31236 9
6 21337 7
2 21243 5
2 21227 6
6 2243210
6 21130 9
5 21343 5
4 21128 9
1 2214310
2 22421 9
6 21237 5
6 21119 7
6 21144 9
4 61225 9
1 6132410
1 6132111
1 61333 9
6 22318 9
1 61440 9
2 1 319 9
6 51317 7
1 6124210
6 1 22010
1 6233110
1 2134110
4 2114310
1 6224312
1 6143711
4 1 24412
1 6124112
1 6142612
4 1 23311
698132510
1 6132310
6 6142110
6 1 228 9
1 61326 9
1 62428 9
1 6213210
4 1 325 9
4 1 230 9
6 6322810
2 1 22210
2 7222110
6 1 433 9
1 61322 9
2 1 323 9
6 6122011
6 6132111
1 6123312
2 42241 9
1 1 13911
6 71416 6
2 61324 9
1 2123613
1 1 423 9
1 6132911
4 6322812
4 1 43011
1 2143312
1 2212812
2 1 12010
1 6133712
1 61235 9
2 1 21910
6 31319 7
6 1 231 9
6 42518 9
6 1 32110
2 21225 5
2 21219 5
1 21421 5
1 1 242 5
1 1 22310
1 4133910
1 21123 5
1 21225 5
1 21338 9
2 21224 9
4 1 32610
3 1 228 9
4 51338 5
6 6124010
3 71438 7
4 7232710
2 3242412
6 6131910
2 6343812
1 6133211
6 81219 9
6 1 22211
1 1 34412
5 7232310
1 1 326 9
1 51418 9
1 31118 9
1 1 42110
1 7122910
1 21233 8
2 1 222 9
4 4233111
6 7232610
6 7232310
1 1 327 9
1 21444 9
1 3242610
2 7121810
1 4143610
6 1 22110
1 4232510
1 2132410
2 2122410
2 31332 5
6 8323411
6 7222412
4 1 34113
6 71329 9
2 71225 6
2 21326 5
1 51321 5
2 22128 5
2 22119 5
1 4234115
6 72217 7
1 22231 8
2 21318 9
1 4124110
6 6222010
4 8213213
5 42127 9
1 2132510
2 73318 9
6 22319 9
1 83218 9
1 1 43210
6 1 22610
1 22237 9
6 62216 6
6 2144312
1 31136 9
6 22215 5
6 52233 6
6 1 215 5
6 61418 9
4 4223312
1 6122512
1 2213910
6 1 32710
1 62439 6
4 6113310
1 62320 9
2 62422 9
5 6223210
1 61420 9
1 6133610
1 61231 9
1 6134110
1 6123410
1 6122511
5 6223410
1 6142810
1 62131 8
1 62218 9
1 1 223 6
4 1 232 9
6 2232611
1 62224 8
1 21229 9
6 61319 9
4 61342 9
1 61323 5
1 6132211
5 1 324 9
6 62222 9
4 1 32810
1 62224 9
4 6134212
1 6234411
1 5112710
2 6222510
1 61324 9
1 6132112
1 62226 9
1 61331 9
6 22316 6
2 22319 6
1 6132812
1 6142912
1 6132111
1 6132010
1 3134014
1 6132212
1 6142212
1 6142410
1 6132512
1 6142312
4 6152411
1 6132410
1 6132312
1 6122912
1 6142812
1 6132210
1 6132110
1 6132410
1 6122312
1 61230 9
1 6133412
1 6132812
1 6141910
1 6142712
1 6122410
1 6132410
1 61322 9
1 61321 9
1 6132410
1 6122312
1 6122110
1 6133611
1 6132210
1 6142512
1 6132311
1 6142110
1 6132210
1 6132610
1 6152711
1 6142212
1 6132512
1 6124010
6 6132010
1 6122510
6 62421 9
1 61124 9
1 61129 9
1 6134011
1 51231 9
1 61218 9
1 6133611
1 6153211
1 6142312
6 61316 6
1 6132312
1 4223110
1 4143612
1 1 436 9
6 1 23811
1 2133712
2 1 13912
1 3134210
6 71216 6
6 3233610
1 51120 9
6 81121 5
2 61142 5
2 21316 5
6 1 331 9
4 71423 9
6 5132310
1 2233612
1 1 33210
1 62430 9
1 1 227 6
6 52320 9
1 6143810
6 32416 5
1 7222412
6 4133513
6 4212612
6 7322512
4 7144410
1 8142910
4 2223612
4 1 236 9
2 3242310
4 1 22812
2 3313610
6 7143012
6 1 31810
6 1 32312
2 4332613
4 8224114
2 4224410
1 23232 9
4 7124311
1 23425 7
1 5232912
6 4222612
1 4123712
6 6132210
6 3132010
1 4142110
1 8224411
6 4233613
6 42216 6
4 1 427 9
6 1 24411
1 2133910
6 2233712
6 82333 9
6 1 317 7
1 1 23711
1 8133711
1 81340 9
6 82218 7
1 1 337 9
6 1 227 9
1 1 22915
1 5142612
6 1 320 7
1 72335 9
4 1 24011
4 7213710
1 4313610
1 3242410
1 1 228 9
4 1 44311
1 7133611
4 4234012
1 3143012
6 1 336 9
1 8312613
6 2233612
1 4232412
4 1 33410
1 2242310
6 7122010
1 7122010
6 2153513
1 2234012
6 2133313
2 1 33614
1 2232810
6 1 416 6
6 1 117 7
2 22244 5
6 1 418 9
6 21417 9
1 83233 9
1 8133512
6 42317 7
6 1 116 6
1 6233112
1 42237 9
6 7132412
6 12216 6
2 1 32810
1 61342 9
6 2333010
1 1 43412
1 2233310
1 52228 9
6 23216 5
1 1 241 9
1 2223310
1 4133911
1 21236 9
1 8243312
4 3134012
6 82216 6
6 2222010
6 21218 9
6 31317 9
6 2222712
6 1 117 7
1 4133812
198853212
1 1 24310
1 2224310
2 7132010
6 1 33012
6 4133810
1 2132812
1 1 336 9
1 2133712
1 8333510
1 2123810
1 1 33411
1 6233512
1 2243612
6 22215 5
1 2133511
1 2213010
6 21315 5
1 4133712
1 62337 9
5 51231 8
2 1 436 9
2 1 42210
6 61216 7
4 62327 9
6 21215 5
2 1 23811
1 21223 5
2 1 321 9
4 61241 9
4 8233310
1 2232110
1 5142810
1 21339 5
1 21338 5
6 2222010
5 2222610
1 83238 5
1 21234 5
1 21433 5
1 22229 5
1 82223 9
1 21130 5
6 21324 5
6 8111910
1 22226 5
5 1 23812
1 8132910
1 1 324 9
1 61240 9
6 22318 7
1 7123712
6 31416 6
2 72332 9
6 2232312
1 2232710
6 7142310
6 21218 7
6 2232511
1 1 318 6
1 22344 5
5 21229 5
2 82331 9
1 7123012
6 1 418 9
1 2143111
6 3233012
1 8233613
1 6133412
1 6142412
1 7143411
1 7223612
1 2134410
1 1 33811
1 1 33012
2 1 23815
6 61430 5
2 5243915
6 72317 7
6 7133312
1 51422 9
6 2142011
6 1 417 7
1 7143511
1 21330 5
1 6144212
4 62228 9
1 4333211
2 61332 9
6 1 422 9
6 1 12010
6 1 22110
1 6132712
6 3131910
2 1 42010
6 1 22110
6 1 22510
6 43318 9
1 21332 7
6 21328 9
1 21340 9
6 2222310
5 22329 6
3 51244 5
2 22229 9
1 21223 5
6 22221 5
6 2212211
6 21218 9
4 21242 9
1 21125 9
1 22338 5
2 22234 5
1 61342 9
4 7312613
6 1 23012
6 52418 9
1 3232512
5 1 234 9
6 21318 9
6 1 224 7
5 41235 7
2 22325 5
1 2142710
5 82326 9
1 1 125 9
5 51129 9
6 51318 9
1 31421 9
1 2132910
6 4142110
1 1 22210
1 2132310
1 2112710
1 51324 9
3 5134210
6 3142110
6 2223011
1 51238 5
1 51338 7
1 21234 5
2 82222 9
6 22241 5
6 51417 7
2 21129 5
6 1 222 6
2 1 130 5
6 22315 5
6 61418 9
1 23232 5
1 21222 5
1 62332 7
1 21239 5
4 7123511
4 32230 9
6 1 329 7
1 1 144 5
6 22320 9
1 22244 9
6 42216 6
4 22235 9
6 2332212
6 1 123 9
1 1 331 9
1 1 32612
1 31328 9
6 1 316 5
1 1 33310
6 22315 5
6 63215 5
6 2221910
1 4233512
6 51318 9
2 4322110
1 1 53610
4 4154411
6 8132110
2 4123010
6 7322410
2 1 32110
6 2322210
6 1 32310
1 4333212
2 1 330 9
199382612
4 22142 9
4 6144410
6 83319 9
6 7222412
4 7323312
6 2222412
6 7132312
1 8332613
1 8223115
4 2243712
6 2331910
1 8332913
6 1 215 5
1 3223611
1 4243212
4 1 239 9
6 63217 5
1 23227 7
6 43237 9
1 6333311
6 7 215 5
5 1 44110
4 1 325 9
1 1 233 9
6 1 22310
1 1 333 9
2 1 32512
2 8231910
4 2224211
6 62117 7
2 42231 9
6 2221910
1 7124110
2 42230 9
5 22232 9
6 22318 9
1 2143112
1 22426 9
6 41317 7
1 4233311
6 22117 7
6 1 318 9
1 51438 9
2 1 232 9
5 32128 9
2 32221 9
2 2232310
6 1 318 5
5 8233212
1 4233613
1 4222711
6 1 118 7
6 1 315 5
2 1 33011
1 7144011
1 1 33411
1 5143510
2 42235 9
1 22333 5
6 8132110
6 1 423 7
1 2213312
1 2224311
1 8223713
1 4222512
1 1 344 9
6 42333 9
6 43419 9
1 5124010
1 21338 9
1 31435 9
4 4134011
1 4243310
1 4123410
2 32317 7
2 42320 9
4 22344 9
6 42318 9
1 42231 9
2 43123 9
4 2143710
1 2123812
1 21223 9
1 8113913
1 22332 9
1 2133112
1 4123213
1 2133313
1 2132910
2 1 33512
1 4234211
1 2223412
1 4233413
1 5143812
4 2232411
6 42220 9
6 43226 9
6 81342 9
1 42226 6
4 1 240 9
1 61424 5
6 61417 5
1 2144112
1 4232311
1 2133713
6 82216 5
1 31424 9
1 32228 9
4 5124310
6 22216 5
1 4132312
6 81117 6
1 4144410
1 5143411
1 7124111
6 1 216 6
6 4142312
4 42422 9
2 22240 9
5 21435 9
1 1 333 9
1 4233811
1 41136 9
1 6133513
6 21216 6
1 5224111
1 4134113
1 1 122 9
2 32431 5
6 41421 9
6 6132010
6 71418 5
1 41344 9
6 31216 5
6 42325 9
6 61317 5
2 42240 9
4 42135 5
1 32229 9
4 2243810
1 21330 9
1 1 139 9
1 7232110
6 31418 7
1 4133110
1 41437 9
1 31341 8
1 82421 9
6 42421 9
6 22317 6
2 1 325 9
1 1 226 9
1 31139 5
6 1 216 6
6 52225 6
2 1 42812
1 22228 5
1 51244 5
6 49217 5
1 71235 5
1 61144 9
2 1 12611
1 3213510
6 3 315 5
6 32226 9
2 1 429 6
2 31235 9
2 32118 9
1 3133213
1 1 239 9
1 62235 9
1 23129 9
4 32221 6
1 7133311
4 72129 9
4 41240 9
6 51315 5
1 51332 9
1 31232 9
4 1 243 9
2 3112810
1 4132810
6 3232815
4 72340 9
1 42238 9
1 52338 9
6 52332 9
6 21315 5
1 1 235 9
6 1 316 5
2 1 220 6
6 32319 5
6 32322 9
4 52344 9
2 62218 7
2 1 319 9
6 4222211
1 72341 9
1 2143811
1 4132210
4 1 23810
1 4133510
1 2223312
6 4222512
1 4142310
1 4232312
6 52215 5
6 42117 7
6 62317 7
1 41332 9
1 2233512
6 4143210
2 41234 9
1 43322 9
2 22242 6
1 42331 9
6 71224 9
1 42331 9
5 22144 9
1 2133510
6 82215 5
1 41329 9
1 4233212
2 41244 9
1 42430 5
1 2133812
1 4144112
6 21416 6
6 42218 9
6 2132612
6 3132011
1 4233811
4 4124014
6 41217 7
1 4134212
6 1 218 7
1 1 44312
1 42234 9
1 4224210
6 43319 8
2 4222010
1 4132912
1 2133811
1 22240 9
1 2232812
1 42243 9
6 22116 6
1 4132712
6 21216 6
1 4232611
6 4122611
6 42317 7
1 4134012
1 5142610
1 42340 9
1 4113712
6 43317 7
6 4122010
6 21415 5
6 2222412
4 2224412
1 4124413
6 41319 9
1 2153512
6 2231910
1 1 238 9
1 61234 9
6 42216 5
1 4133313
1 4142713
6 42217 6
4 2124412
1 1 34411
1 4223112
1 4132912
6 2132210
6 4231910
1 1 22711
1 4243011
1 4233810
6 5142010
4 1 23812
6 4121910
6 2222110
6 2132210
6 2232010
6 2142110
6 4222210
6 2342110
6 2232512
6 2112010
6 2232010
6 2232011
1 2142110
6 2233010
2 1 328 9
1 4343015
1 4232512
1 4232512
1 2134113
1 4134015
2 72327 9
1 21223 9
1 7132312
1 61440 7
6 22117 7
2 3223211
4 6123012
1 61431 9
1 51421 9
6 6122211
4 31241 9
3 72128 7
6 41216 5
6 42236 9
6 82217 5
6 82319 6
1 2233710
5 42233 9
1 33235 9
6 4222010
6 4222410
2 4123511
1 22330 9
1 32222 6
1 32321 5
6 31216 5
1 31342 5
1 42235 9
1 1 34410
1 42344 9
6 42115 5
1 32134 9
6 32235 9
6 31115 5
1 1 32712
6 1 23212
1 32141 5
1 32323 9
1 32231 7
6 31215 5
6 31240 9
1 3134012
1 2113810
6 5213010
6 31217 7
2 41122 9
6 41319 7
1 31328 6
6 3133511
6 31235 9
6 4123113
6 31138 6
6 31230 9
6 3223710
2 33234 7
1 41132 9
1 52344 9
1 5232110
1 31234 9
1 52336 9
6 42528 9
1 32137 5
1 1 228 9
1 3124410
2 51241 9
1 81328 9
1 3114310
6 1 118 9
1 32220 9
2 2123710
6 31419 9
6 51427 9
6 32315 5
1 3233612
1 8233310
1 5322210
2 22318 9
2 3134110
1 1 331 9
2 33241 9
1 31244 9
1 41333 5
5 1 129 6
6 8322010
1 31344 9
1 1 23910
1 31343 9
6 82118 9
6 31532 9
1 3223110
2 42235 9
1 51334 9
1 42429 9
6 1 132 5
1 3133110
1 32226 9
5 1 143 9
1 32342 9
1 1 237 9
1 3133711
3 31143 9
6 51121 9
6 8112110
6 31220 9
6 21222 9
3 1 344 9
6 3222510
1 4123312
6 8141911
6 31526 9
6 51226 9
6 2231910
2 43420 5
6 31331 9
1 6143212
6 1 215 6
6 81118 7
6 1 332 9
1 6123710
1 8132410
6 4234213
6 32239 9
6 1 22411
2 6234112
1 8122512
4 3232711
6 4133212
6 4332110
2 4222110
6 2332110
6 2222110
6 4142210
6 2222110
6 2322110
6 2142010
6 1 32010
6 2232010
6 2142110
6 2221910
6 2142010
6 2232110
6 3141910
6 3132110
6 7222010
6 4222010
6 2242010
6 22320 5
6 8211910
6 4322211
6 3132110
6 4212210
6 3132110
6 2232110
6 4232110
6 4132210
6 2322110
6 7142110
6 3231910
6 1 32010
6 42218 9
6 2142110
6 2232010
6 4332110
6 4132212
6 4232212
6 4232010
6 1 32110
6 2232110
6 32218 9
6 4231810
6 42218 9
6 3242010
6 4222010
6 4241910
6 3122110
6 1 12010
6 4132010
6 2232110
1 4124212
1 6132912
6 1 53112
6 7143914
6 2232512
6 3132510
1 8233410
1 6143413
2 1 225 5
1 1 232 9
6 1 42010
4 7133110
6 1 243 9
4 3133610
2 1 32210
6 4132710
6 3122211
1 31238 9
6 31420 7
6 31318 9
6 3242512
1 3133213
6 31116 6
4 22431 7
2 61323 9
6 1 317 5
4 61326 9
1 1 434 6
3 81327 9
1 31335 9
5 33128 7
6 32423 9
5 41329 9
6 41316 6
6 8314410
1 4122712
2 22329 9
1 6133510
1 3143610
6 31329 9
6 32438 9
6 22415 5
1 3233310
1 1 324 9
6 4123010
5 5123012
6 3132910
6 6122311
2 4122110
1 42335 9
6 32518 9
1 1 33412
1 3133011
6 12217 5
6988220 9
6 31218 7
6 32128 6
1 3133511
6 61215 5
2 32325 5
6 3221910
6 31319 7
4 32131 5
6 52343 9
3 31338 9
1 51326 9
2 31227 6
1 1 235 9
1 31224 5
1 31139 5
2 1 323 6
1 5133010
1 4132011
1 31243 9
6 31120 9
1 21127 5
2 51241 7
1 21339 5
4 4213110
1 21230 5
1 3133610
1 32239 9
1 21133 9
6 61322 9
1 42132 9
2 22235 9
1 41328 5
1 22219 5
6 5132611
1 4124112
6 31222 9
2 1 326 5
1 1 24110
1 1 227 6
1 32143 5
6 31215 5
1 4133512
1 3142612
6 5114311
6 31318 9
1 31336 6
1 21333 5
2 21238 5
4 1 338 9
4 32226 7
1 3132312
1 3132210
6993222 6
5 3143010
1 21231 9
4 3133910
3 31244 6
5 32244 5
1 3223515
1 31341 5
6 31319 9
6 32320 6
1 31438 9
6 3132212
1 31236 9
6 51418 5
2 32338 6
1 32329 5
1 32240 9
1 31327 9
6 61417 6
1 51430 9
6 32218 9
1 31228 9
1 1 223 5
4 22124 6
2 22325 9
1 31239 9
1 31431 9
6 31319 9
5 61239 9
1 31233 9
1 52426 9
6 41316 6
4 31328 9
6 31116 5
6 31223 5
6 1 321 9
1 81420 9
6 31340 9
1 3114210
6 61128 9
1 33427 6
6 41315 5
6 32216 5
3 4134410
1 3134315
6 3123010
6 31325 9
2 51136 9
6 31138 5
1 31325 6
6 31418 9
1 31124 7
1 4132813
6 3233013
6 3134313
1 41137 9
1 3222911
6 31422 9
1 31242 9
4 21338 9
6 31217 7
1 3233911
6 5122111
4 2123911
1 3133910
1 3133112
4 3123910
6 3132110
6 32218 7
6 31243 9
1 3133311
1 3133813
1 3132813
6 31516 6
1 31329 9
1 3132811
1 31232 9
1 3123710
6 32215 5
1 3232211
6 3142310
6 1 315 5
1 31329 9
4 51143 9
1 32223 9
6 31225 9
1 31331 9
1 31431 9
6 3132110
6 3122210
6 3132111
5 31340 9
6 31215 5
1 3123112
1 31335 9
6 42323 9
6 41238 9
6 31218 6
6 31118 9
1 61238 9
1 5132711
6 32317 6
1 32125 9
1 31241 9
6 31416 5
1 3144111
6 32215 5
1 3123910
4 3133012
6 33215 5
1 3143611
1 3232110
1 81242 9
5 51241 5
1 31226 6
1 51118 9
1 41239 7
1 31233 5
1 31320 9
1 1 23711
2 4253112
6 4222711
6 4122010
1 3124110
1 32125 9
4 61335 7
1 31236 9
5 1 34410
1 42337 7
1 3122512
1 32244 9
5 3122910
6 31216 6
4 31236 9
1 61338 9
1 31225 9
4 22138 5
1 31223 9
6 31216 6
1 31336 9
1 3123612
6 31115 5
6 32219 6
1 31331 9
1 4333713
1 62224 9
1 1 43410
6 31416 6
4 3134210
2 51319 9
4 52236 9
2 1 327 9
1 1 129 5
1 41222 7
1 3233310
1 3233910
1 31239 9
1 4122910
1 32331 9
1 31326 9
1 41430 9
2 3223311
1 3112611
2 32227 9
5 32229 9
6 31417 7
2 81324 9
1 31530 9
6 31315 5
1 4243410
1 42232 9
1 3123012
2 3212210
1 32226 7
6 51315 5
1 31233 9
1 4134212
1 32426 9
1 3142311
6 52322 9
1 3132510
6 31416 6
1 82241 9
2 3223610
6 31218 9
1 31231 7
6 71226 9
1 32243 9
4 51243 6
1 52435 9
6 32229 9
6 32215 5
1 31239 9
6 51415 5
6 32327 9
6 31319 9
1 2134011
5 31330 9
2 22235 9
1 1 325 9
2 82224 9
2 51220 5
1 1 342 9
6 21219 9
1 51331 9
6 3132710
6 21829 5
6 22228 9
1 51344 9
1 21329 9
1 3132611
2 21319 5
2 21134 5
5 22240 6
4 31342 6
2 32324 9
1 31244 5
6 31315 5
6 32226 7
6 32319 9
2 32225 6
6 51343 5
6 32123 5
6 21226 5
2 31418 6
6 1 324 7
1 31242 5
2 31539 5
1 21236 9
2 1 233 9
6 31321 9
3 31243 7
6 33215 5
6 32221 9
1 21231 9
6 31339 9
6 2153312
6 21217 7
5 3134310
6 11216 6
1 32344 9
1 31424 9
6 41216 7
4 31342 5
1 3133412
6 32217 5
6 3232010
6 41318 9
6 41416 6
1 2223811
1 42226 9
1 3142912
1 2233212
6 22217 7
6 31216 6
6 23215 5
1 3124412
1 2133610
1 51336 6
6 3132110
1 2132310
1 21340 9
1 2133810
6 2132110
6 2131910
1 1 33411
1 21237 9
1 2112510
1 1 219 6
1 31244 9
1 21230 9
2 22119 8
1 21238 7
6 3222311
1 22326 9
6 31319 7
1 51344 9
1 6224411
6 3112010
6 41319 9
1 21337 5
4 32140 9
1 2224312
1 2124210
6 21216 6
2 2113110
6 2322110
1 21339 9
1 31334 9
1 1 240 9
6 82317 5
6 22232 9
1 51322 9
6981332 9
6 1 32010
4 6114310
6 22418 9
1 3133512
2 23123 5
6 32517 7
1 1 134 5
1 22223 8
1 3232810
6 6132411
1 22338 9
1 5132710
6 22318 6
1 22422 9
6 22217 6
6 51218 9
1 2143710
1 2123412
6 82316 6
1 22123 7
2 2123410
3 2232611
6 21316 6
6 81215 5
6 22117 6
2 6132310
6 3223410
6 22217 6
6 22226 5
1 21340 9
1 21234 5
6 22329 7
6 31318 9
1 52223 6
1 71141 9
1 3133412
1 3142410
6 3143812
1 4124112
1 51322 9
1 5133612
1 5123611
1 31429 9
1 42341 6
2 22218 9
1 6144110
4 51128 9
6 41134 7
1 4142810
1 21232 5
1 2133912
1 31529 9
6 21217 5
1 51129 5
1 2133812
1 2133710
4 22231 9
1 21326 9
3 21338 9
1 21338 9
1 31342 9
1 41127 9
1 21326 9
1 2133510
4 31141 9
1 2123111
6 22318 7
1 2143112
1 2122810
1 2123111
1 2123812
6 21416 5
1 4232710
6 3234310
6 2232312
1 2133810
1 61331 5
6 5132010
2 42429 9
6 42418 7
1 4123312
1 4224313
1 7233912
6 42217 7
1 41443 9
6 41515 5
1 32537 9
1 5124110
6 61218 5
4 1 131 9
6 32316 6
6 21128 5
6 21121 9
2 21231 7
1 51324 9
2 1 221 9
2 21340 9
1 31322 9
6 22215 6
6 31219 5
5 61221 5
6 22317 7
6 32315 5
6 21519 9
6 52319 9
1 22236 9
6 61317 6
6 2 215 5
1 3123111
4 2214310
4 81238 9
1 8132710
1 22325 9
6 4132010
1 32423 9
6 3242911
1 2132711
1 4123510
6 71415 5
4 22230 7
1 41344 9
1 1 432 9
4 1 33710
6 4122010
6 6223610
6 72215 5
5 61331 9
1 22240 9
5 7223110
2 3133310
1 1 336 9
2 61130 9
6 61343 9
6 82415 5
1 21425 7
1 4132312
1 3133312
1 61429 9
1 61425 9
6 83416 6
1 1 42311
1 1 42912
6 1 341 9
2 1 232 9
1 1 320 7
1 61229 7
6 61319 9
4 6242312
6 43218 9
2 1 22512
1 6124412
1 6222610
1 6133510
1 6233310
2 1 320 9
6 42219 9
4 63240 9
1 6134312
1 61240 9
2 22215 5
1 42332 9
1 2214011
1 6133810
6 61217 7
6 1 23413
2 1 321 5
1 62322 9
6 23225 9
1 4144012
6 6142411
2 1 23812
2 2223010
1 2143515
1 4224412
1 62320 9
6 22316 6
1 52328 9
1 2223310
1 4223010
1 2222713
1 3143511
1 42342 9
6 8232510
1 1 33815
1 1 340 9
6 8323113
6 1 21910
6 8112210
1 1 54314
6 1 317 7
1 8112712
6 1 24114
6 1 332 9
6 1 335 9
6 2222010
6 6222210
6 1 323 9
1 1 33212
1 8223113
6 1 22813
4 8333113
6 2132412
6 7142210
2 1 32111
2 82425 9
4 6144011
1 72341 9
6 1 44310
1 1 23912
6 1 21910
1 7243611
2 2223313
1 2134411
4 7133913
1 1 34011
4 3233610
5 62439 5
6 31420 9
6 23315 5
5 21132 9
6 71418 7
1 7342412
6 32315 5
4 7233010
1 1 32412
4 1 23413
1 2233413
1 22226 9
6 21222 9
6 81419 7
2 1 519 9
1 4233710
6 1 22010
6 6122310
6 1 22310
6 1 217 7
4 6213612
5 21344 9
6 2123210
5 1 440 9
4 2233510
4 29335 9
5 1 330 9
5 61441 7
4 31335 9
2 2123413
6 2 217 7
2 4252911
6 82316 6
2 8112810
