6 31315 5
1 6134412
1 3144311
6 21415 5
4 21337 9
6 23315 5
2 22325 9
6 41217 7
6 3232110
1 61133 9
1 22236 9
6 2332810
6 31216 6
6 22316 6
1 5132910
1 21444 7
4 2143912
6 42230 9
6 21318 9
6 32122 9
6 81216 5
6 32337 9
6 61315 5
1 3132912
6 4242510
1 2133611
6 21221 6
1 2123510
6 2232410
6 1 32010
6 62216 5
1 8124315
1 2122110
1 3132910
1 2123310
6 1 22210
6 1 32312
6 22428 9
1 1 12711
1 2323811
6 81228 9
1 2134113
1 2224010
6 2132610
2 1 138 9
6 31232 9
6 31216 6
6 1 31910
1 32239 7
4 28239 9
5 51344 9
5 21121 9
6 2134211
1 62341 9
5 23238 5
6 22318 9
1 31329 9
2 22335 6
2 22329 9
1 2242010
6 41418 8
1 22235 9
6 3122110
1 4144110
6 42418 9
1 51328 9
2 32321 9
6 3222010
6 31418 9
6 4142312
1 3132710
6 4122110
6 32315 5
4 5113712
1 1 32810
4 1 224 9
1 3132813
6 51318 7
6 8212010
1 4223213
2 2123610
6 32316 5
6 71216 5
4 1 14410
6 1 32410
1 7143912
1 2212510
6 2143011
4 6143511
6 22335 5
1 21428 9
6 72316 6
6 2232110
2 8222110
6 32420 9
6 2232010
6 32318 9
4 83142 9
1 72242 9
6 1 217 7
2 1 316 5
6 73320 5
6 22416 6
6 22233 6
1 21238 9
2 21424 9
2 1 325 9
6 2243710
1 33336 9
6 5133212
6 22219 7
1 3132810
6 22216 5
6 1 341 9
6 42317 7
2 21322 9
6 2223010
6 1 12710
4 1 43410
1 2232710
1 4232911
1 2142912
6 22215 5
6 71318 9
6 1 417 6
1 2233911
6 7222010
6 1 316 5
6 8122110
6 1 217 7
1 23233 9
1 1 24012
1 1 444 9
4 1 44211
6 3142211
6 23419 6
6 52118 7
6 22536 9
6 41422 9
4 1 439 9
4 31236 9
6 1 218 9
2 1 325 9
1 22134 9
6 22316 6
1 21443 9
2 2214211
1 7223312
1 4123813
6 1 24412
6 8324212
6 22418 9
4 22237 9
6 61215 5
1 2233212
1 1 337 5
2 81425 9
1 21141 9
2 21328 5
6 2221910
6 71336 9
1 82232 9
6 1 33312
6 4343312
6 2334310
6 1 315 5
6 6231910
6 42218 9
1 1 52812
6 1 23812
2 21228 8
1 31435 9
5 1 23210
1 4244012
6 22315 5
6 1 33010
6 21315 5
2 32232 9
1 1 440 9
6 1 42310
6 1 23212
6 51318 9
6 1 32510
6 1 339 9
2 1 431 7
6 7223510
6 8231810
1 21233 9
2 1 324 9
6 21218 5
1 7142410
6 1 319 7
6 73215 5
6 82215 5
6 1 43310
6 4233712
6 21519 9
6 2213010
6 2 217 6
1 51427 9
6 4132110
6 4232212
6 3122410
1 51330 9
6 72217 6
4 21424 9
6 1 318 9
6 2252110
1 1 24112
1 2213610
6 72215 5
6 6142912
6 8122010
6 62218 9
1 71337 5
1 51324 5
1 22327 5
4 1 342 9
6 72316 5
6 1 319 9
1 1 418 9
1 3213110
6 3133012
6 41223 9
4 1 24312
6 31416 5
2 1 239 9
1 33137 5
6 22218 9
6 22417 6
6 31221 9
6 32424 5
2 41420 9
6 41331 9
1 62332 9
1 2234110
3 31338 9
6 21218 9
6 32322 6
6 21344 6
6 82228 5
6 52319 9
6 2124210
4 2122910
1 1 141 9
6 1 418 9
1 5133110
6 22216 6
6 1 517 9
1 4142210
1 2123610
6 1 315 5
6 21322 9
6 22120 9
6 21326 5
6 21428 7
4 1 341 9
6 22228 9
6 21218 9
6 21215 5
6 4223110
4 22242 9
2 4112712
6 1 23513
6 1 23212
6 8114112
2 21129 9
6 2922810
1 21335 9
6 21319 9
1 21242 5
6 1 223 7
6 7223510
1 7133610
6 71215 5
6 23218 9
6 1 33712
6 1 22612
6 2132210
1 8332712
2 2232410
6 2132410
6 43336 7
6 71342 7
6 73215 5
6 2122710
1 7143012
6 1 325 7
1 1 53610
6 81123 9
6 7231910
6 22215 5
6 1 33112
6 22218 9
6 1 22410
1 2223214
1 6234012
4 2244112
1 8233812
6 2231810
6 1 238 9
1 2313310
6 1 24313
1 8114313
6 82115 5
1 4233513
1 2353412
6 7341910
6 2214013
1 1 33013
1 4143113
6 1 317 7
6 82215 5
5 8224113
1 2233212
6 2132313
6 8222010
6 1 23810
6 1 22712
6 1 42412
6 4142412
6 3142310
6 1 22712
6 4142213
6 1 23215
1 2224111
6 8323212
4 2223313
4 2122611
6 6133711
6 6232812
1 2132912
6 1 216 6
1 8234012
6 1 34112
1 33328 9
2 8132612
6 2132412
6 2354311
5 31341 9
6 51340 9
6 1 418 9
6 41316 6
1 2152811
1 7143312
6 51317 9
6 2232110
6 82517 6
6 22340 6
6 1 321 7
6 8133212
1 8143912
6 1 223 9
6 2221911
1 61221 5
1 2122911
6 5113312
6 4123112
2 51431 9
2 2213510
6 51317 9
6 4141910
1 6133015
1 2234410
1 21240 9
4 21222 7
6 23319 6
1 32227 9
6 72340 9
6 52316 5
6 3153913
6 21218 9
6 82335 9
4 1 14212
1 8214211
6 82217 9
6 8324110
6 22220 9
6 2122411
6 22316 6
4 22141 9
6 2231910
6 2132712
1 22236 9
6 8131910
1 3124112
6 21128 9
6 2322010
6 1 32010
6 1 12212
6 2244412
5 8214112
6 2212110
6 81116 5
1 1 24212
6 1 439 9
6 3123613
4 42242 9
6 32335 9
2 1 137 9
6 21216 5
6 1 422 9
1 51230 8
1 1 22910
6 21240 7
6 41316 5
6 31215 5
6 1 119 9
2 23224 7
5 32440 9
1 3132912
6 31416 5
1 1 230 5
6 41317 7
1 3114311
6 41230 9
4 2224412
1 22435 9
1 22338 7
6 8212110
6 22434 9
5 33339 9
6 8231910
6 1 318 5
4 21229 8
6 2332713
6 4213014
4 1 13312
6 8132512
1 21226 9
1 81341 9
6 1 32413
6 8112610
6 23327 9
1 8133413
6 81321 5
6 81317 6
6 8343313
6 1 129 5
6 1 32611
6 22215 5
6 1 218 7
6 1 23910
6 1 22912
6 2223310
1 8222611
1 8323812
6 1 23814
6 21318 6
4 21233 5
1 41339 9
6 2244313
1 1 33412
6 42442 7
698134213
6 2113015
6 81244 7
4988237 9
4 2213710
6 1 13813
6 2224110
1 4243411
6 1 217 7
6 4233710
6 42233 9
1 8223115
6 4232915
498823813
4 1 34011
6 41216 6
6 33326 9
6 22339 9
1 2224310
4 3133213
1 1 141 5
6 2334212
6 3113310
6 8232512
6 1 425 9
1 2223512
6 22234 9
6 3142010
6 3123910
2 42337 9
6 31517 5
6 1 321 9
6 4242210
4 32442 9
5 4114010
6 32324 9
5 22433 9
6 81319 8
6 81315 5
6 82223 9
6 1 318 7
1 81230 6
6 1 318 7
6 32418 7
6 1 22110
6 2222310
6 3223712
6 21344 5
6 21123 9
6 1 219 9
6 1 332 6
6 1 439 6
6 8132311
6 22518 9
6 1 334 6
6 61515 5
2 72334 9
6 23224 6
1 81534 5
6 1 23212
1 81332 9
6 51144 9
6 7123710
6 81236 9
6 4133413
6 1 13613
6 81319 9
6 1 24112
6 4333113
6 1 33912
6 1 32713
6 23224 9
1 1 137 5
6 1 227 5
6 52318 9
6 1 22310
6 1 229 7
6 5112910
6 22323 9
5 33133 9
2 23238 5
2 51220 7
6 1 529 9
6 1 224 5
6 32420 9
6 1 215 5
2 42240 9
6 1 324 9
6 1 324 7
6 1 238 6
6 1 318 6
6 22117 5
1 3223812
6 1 342 5
1 53235 9
1 1 433 7
4 83335 9
2 2213010
1 59534 7
1 1 24410
2 22337 9
4 81329 7
4 81144 9
2 8122810
1 1 342 9
6 1 22110
6 1 223 9
6 31326 9
6 32321 9
6 1 41810
6 8132410
6 2221910
6 5142310
6 32317 7
4 2133810
6 82116 6
1 71334 9
1 7123412
6 52315 5
1 22439 9
6 81227 5
6 61238 7
1 2134410
6 5112812
6 4131810
6 51418 9
6993221 5
6 81215 5
6 83216 5
2 1 23810
6 3131910
1 8224313
6 1 32510
6 3131910
6 1 229 9
6 2134010
4 1 44210
6 8322812
1 61341 5
2 6224412
6 2222410
1 22324 9
2 2252911
4 1 141 9
1 3233311
6 22321 9
1 4324410
1 2124312
6 41317 6
6 2222010
6 2232211
6 31322 9
1 2224215
1 8124412
6 82425 9
6 4122612
1 2143612
6 7132212
6 1 22210
6 1 32110
6 83120 9
6 32115 5
4 1 93710
6 2132212
4 5224110
6 61326 9
2 1 322 9
6 1 218 9
6 1 43011
2 1 225 9
1 71337 9
1 1 23112
6 1 215 5
6 43218 7
6 22515 5
4 82543 9
6 32319 7
1 41119 5
1 2133810
1 22334 9
6 2123210
6 32216 7
1 41335 9
6 6143810
6 1 233 9
1 22333 9
6 32344 9
6 81333 9
6 8142712
2 31236 9
6 5132510
5 31341 9
6 1 227 9
6 5122510
6 81417 6
6 41315 5
6 31339 9
6 32235 9
6 3212512
6 3143413
6 3112010
6 32216 6
6 2232110
4 61137 9
6 7232412
6 31330 9
6 81216 6
2 32423 9
2 1 328 9
5 1 323 9
2 3123310
1 31142 9
4 2224012
6 7123710
2 8232410
2 22341 5
6 3122610
6 5122610
6 82338 9
1 22244 9
1 1 44110
6 8242010
6 83318 7
6 8323210
6 42118 9
6 23218 9
6 1 22712
6 22216 6
6 23215 6
1 32227 9
1 4213110
6 21415 5
6 82316 6
6 1 32411
6 1 215 5
1 1 327 9
4 22342 5
6 22320 9
6 8221910
6 22136 9
6 8233410
6 73519 9
1 4143413
1 8132812
1 22238 9
6 2222210
6 32415 5
6 42317 7
6 32215 6
6 2232110
6 22217 7
6 83318 7
6 2232311
6 81315 5
6 21418 7
6 22316 6
6 2133213
1 2224312
6 4242410
6 1 32310
6 1 32211
4 61244 9
6 81215 5
6 61417 6
6 1 342 5
6 2231910
6 81332 9
6 41116 6
6 22338 9
6 1 324 6
6 32222 7
6 2222412
6 21140 9
6 22220 9
1 2114212
1 2222615
6 31317 6
5 51230 6
2 22134 5
6 22219 9
6 83217 7
1 51328 6
1 51141 7
6 2122612
6993121 7
6 2332110
6 1 418 7
1 2244313
4 8224313
1 2234110
4 8134213
6 3242312
1 3234312
1 1 24412
6 2133410
1 72224 9
6 22331 9
6 2122410
6 31319 9
6 1 225 5
6 22339 9
6 22319 9
6 23324 9
6 2332512
1 23330 9
6 2113212
6 2132010
6 23217 6
6 22516 6
6 71315 5
6 1 529 9
6 8332312
6 83418 7
6 2112210
1 2122710
6 21316 5
6 81321 9
6 21215 5
6 21215 5
6 1 325 9
1 2232811
6 31421 9
6 2133410
1 51341 9
6 22217 7
6 23318 7
6 21218 7
1 4153912
6 1 32010
6 2322210
6 41234 9
6 62316 5
6 32341 6
6 41215 5
6 32318 7
6 7233112
6 1 13414
6 3223610
6 32335 9
6 1 24315
4 3124013
6 81329 9
6 8323010
4 41341 9
1 8134410
1 2253513
2 1 24311
6 72241 5
6 31420 9
6 72316 5
6 1 321 9
6 1 420 9
6 1 318 6
6 62116 5
1 2243112
6 22316 6
6 22418 7
1 2144313
6 2333813
1 6153712
1 8232912
1 31432 9
6 2233012
6 1 318 9
6 22315 5
6 2322110
6 4122312
6 2322210
6 22316 6
6 22515 5
6 5233610
6 82517 6
5 8312410
1 21227 9
1 21230 9
1 7143613
1 1 326 7
2 22319 5
6 2232612
2 22219 6
6 22215 5
1 22243 5
1 22437 8
2 2233011
1 21540 5
1 22236 5
6 21344 9
6 32418 9
6 21232 9
1 21241 7
6 51425 9
6 51425 9
1 21338 9
1 21425 5
6 22221 9
6 8232813
6 1 32910
2 2232410
6 8132011
6 2323012
6 1 14113
6 4232813
6 8122613
6 3322110
6 3132212
6 22339 9
6 4132512
6 2132310
6 2232210
1 21224 5
6 2222312
1 8322613
6 3132513
1 8322712
6 41317 7
6 4212010
2 1 324 9
6 1 24110
6 2222712
6 2232412
6 6223010
6 2243212
6 2322210
6 31220 9
1 4132210
6 4252312
6 82220 8
6 2134113
6 42431 5
6 21538 7
6 62218 8
6 21238 9
2 22230 5
2 22230 5
1 22542 9
4 4154112
6 21136 9
2 22228 9
1 8124013
6 2133910
6 1 316 6
4 43240 9
6 8252610
6 2212811
2 32343 9
6 22315 5
2 1 241 9
1 22238 5
6 22318 9
6 23126 9
2 4232310
1 8134211
6 6144110
6 1 332 6
4 61332 9
1 21330 9
6 1 338 7
6 1 22910
6 23322 9
6 1 134 9
6 42127 7
5 8222310
1 3233410
6 1 117 5
4 1 443 6
6 1 118 6
6 81329 9
6 1 323 5
6 31317 5
6 32519 6
1 8223510
6 3242510
6 3222912
6 1 22712
6 3232010
1 31323 7
6 31518 9
1 23128 9
6 6143810
6 1 243 5
6 1 22712
6 1 43310
6 2132610
2 3133110
1 21231 5
1 23235 5
1 51240 9
1 21336 5
6 8232612
6 8223313
6 51321 9
6 21328 9
6 8133210
6 4111910
6 22217 7
6 1 224 9
6 22220 7
4 62232 8
6 21123 6
2 23223 9
1 21228 5
1 1 22810
1 2243411
1 22241 5
6 23219 9
2 4133512
6 22318 7
6 8223510
6 43318 9
6 82524 9
6 31229 9
6 4353213
1 4242712
2 1 118 9
1 32236 7
1 2123311
6 22315 5
6 21315 5
6 2232011
6 2222010
6 1 316 6
6 2324111
1 7143213
1 4223413
4 4133813
6 7222212
1 4233611
2 1 22712
1 1 33610
6 22317 7
6 23531 9
6 22319 9
2 6124211
1 8132510
6 7142810
4 22244 9
4 3133611
6 4222811
6 43422 9
6 22318 7
6 1 32410
6 1 219 9
2 7142111
4 22340 9
2 22240 9
1 7233710
6 71320 9
1 22333 9
6 81231 9
6 31215 5
4 1 335 9
2 1 527 7
6 4232910
6 31331 9
1 81335 6
1 52227 9
6 32236 9
1 4142610
2 31226 6
6 3222310
6 31228 9
4 32234 9
6 1 220 9
6 32243 9
4 1 339 9
6 41217 9
1 51344 9
6 1 341 9
6 2 115 6
6 21339 9
6 32229 9
6 31320 9
6 61339 7
2 3122410
6 33218 9
2 32227 9
2 5214312
6 31135 9
6 31242 5
2 32222 6
6 22218 5
1 2134210
1 7223810
2 31241 6
6 1 325 9
6 22240 9
6 22240 5
6 32216 6
6 81516 6
6 32322 9
6 21218 6
6 5233412
6 22119 8
1 22236 8
1 2143110
6 1 239 5
1 4212912
1 5142712
6 22123 9
6 22315 5
1 51429 9
6 1 337 9
1 4134113
1 43333 9
6 32128 9
2 22237 5
4 22240 9
2 32326 6
6 1 123 9
2 81336 9
6 1 320 5
6 1 331 9
1 51325 9
6 1 325 7
6 31218 7
6 1 418 9
6 1 217 6
6 7332910
6 31337 9
1 42329 6
2 31138 9
6 1 33110
6 51322 9
6 32329 9
6 83341 9
6 4233712
1 3223912
1 1 33712
2 1 340 9
2 72320 9
1 1 23910
1 4223610
6 32216 6
6 1 216 6
6 3253112
6 3223212
2 22341 9
6 3113410
5 1 235 9
6 31319 6
6 32325 9
6 8122412
6 1 216 6
6 7144410
4 22439 9
6 21316 6
6 1 318 6
1 2232615
2 42425 9
6 21119 9
6 42318 9
5 21232 9
6 4241910
1 4122913
1 4133213
1 4134110
1 4223710
6 1 219 9
1 1 34215
6 43420 9
6 72315 5
6 4233214
6 4124212
1 4333910
4 4133910
1 32327 9
6 2241910
1 4123612
1 4332812
1 4243610
1 2333411
6 4123311
6 31341 9
5 1 24410
6 1 22410
6 1 33112
2 31434 9
6 4334213
6 31320 9
2 32427 9
6 4232910
6 22416 6
1 7223410
6 41215 5
1 4144211
1 4133612
6 7222511
6 1 24413
1 2233810
6 23216 6
6 51418 9
4 21344 9
2 22222 9
1 1 244 5
6 1 143 9
6 4132911
4 41238 9
6 4234111
6 21236 9
6 1 217 6
1 1 33614
1 1 23512
1 2142712
1 41437 9
6 2242110
1 1 33013
6 41315 5
1 7133713
1 2133612
1 5132912
1 2223512
6 32415 5
2 2232910
1 4123812
1 3133712
1 5224113
6 32318 7
2 51529 9
6 1 216 5
6 31341 9
6 31217 7
6 61318 9
1 31235 9
5 32341 9
2 1 334 9
6 31242 6
2 5124510
6 3132710
6 51241 9
6 31323 9
6 1 243 6
6 42423 5
1 5133310
4 2314312
1 8123912
6 2123313
6 23327 9
1 3213913
6 8222713
1 4232713
6 2332713
1 2323215
6 22317 7
1 8333313
6 1 215 5
1 71444 9
1 1 13315
1 4233412
1 51332 9
2 4323712
1 1 323 5
6 61315 5
1 1 425 9
2 33223 9
1 6143911
6 23218 9
6 3243812
4 2322812
6 83318 7
6 1 323 5
6 31136 9
1 43244 9
4 8224112
4 21343 9
1 21339 7
4 61241 6
6 8134212
6 1 22310
6 1 115 5
1 5133910
6 31222 9
6 1 22410
5 3114111
6 31244 9
4 3224010
1 51426 9
6 31518 9
6 31328 9
2 1 32812
6 3154110
6 82318 9
6 42118 9
6 22416 6
6 5 317 7
6 1 22412
6 1 317 7
1 1 34012
1 6323214
6 8232010
6 61318 9
6 42328 7
4 4223110
1 4233913
6 1 217 6
4 1 328 5
6 22222 9
6 4243310
6 22325 9
6 21318 9
5 1 123 6
6 8322312
2 4252512
1 21332 7
6 2122312
6 82317 7
6 4122612
6 1 32210
6 42222 9
1 21333 8
1 31429 9
1 3123910
1 3143110
6 1 22210
1 1 33913
2 2222410
1 21332 9
1 41432 9
6 1 32310
6 31238 9
6 2232612
1 3123910
6 4253412
6 21227 9
6 1 33312
6 6133512
6 1 22210
698282711
1 6142210
1 8143910
6 6222710
1 21439 9
2 2114010
6 2221810
1 2133812
2 3132812
2 21226 9
1 2113815
1 21334 9
6 1 144 9
6 2332912
6 1 216 5
6 31319 9
6 1 425 9
1 2132312
6 32318 7
5 3233510
1 31244 9
1 21239 5
6 1 333 9
6 8122412
6 8222613
1 3132410
2 8232212
6 1 22210
6 5132411
1 8222912
6 4212110
6 1 218 9
1 1 139 7
6 22220 9
6 41316 6
4 2233712
1 2233813
3 1 141 9
6 31120 9
6 1 24310
6 1 335 9
1 1 43213
6 21319 9
6 8224012
6 7122610
6 22317 6
6 1 319 7
1 81126 9
6 21226 5
6 82215 5
6 21237 9
6 42229 9
6 1 516 5
6 71228 5
5 7223811
6 1 218 9
6 21231 9
1 2323815
6 13421 9
6 1 329 9
1 1 33712
2 1 22815
6 8242612
2 3132310
2 71242 9
6 82223 9
6 4334111
6 1 42810
6 3222812
6 4132612
4 42339 9
6 4152512
6 4123111
6 2223412
6 31223 6
6 1 43112
4 8133212
6 23420 9
6 6342810
6 1 218 7
6 31436 9
6 21226 5
6 3133811
2 32231 9
6 61216 5
6 1 225 9
1 2142812
6 42418 7
6 22217 7
6 81116 6
1 8233912
6 31417 7
6 31417 7
6 42318 7
6 61220 7
6 22419 9
6 32319 9
6 2243811
6 8222610
6992216 6
6 32117 7
4 1 34010
6 81323 9
6 3114412
6 2322412
6 2122010
6 1 22110
6 2332110
6 1 22110
6 1 518 9
6 8222010
6 2232010
6 8112010
6 2332010
6 8122110
6 31240 9
6 1 142 7
6 3122811
6 2231910
6 2123811
6 1 223 9
6 2113611
6 6232811
5 41337 9
2 4113710
4 71131 9
6 31319 9
1 4234313
1 4133513
2 2133312
4 1 34112
1 8233913
1 2224415
6 1 519 9
6 1 315 5
6 21417 7
6 1 315 5
4 3223413
5 21337 9
2 1 14312
6 22219 9
6 72320 9
2 22223 9
1 22226 9
2 21332 9
6 31321 9
1 1 337 9
6 1 22812
5 4232511
6 72222 9
6 4222010
2 21425 9
6 1 532 9
1 1 321 9
4 31139 9
1 3142412
6 8342110
6 1 52412
1 4333112
6 2322611
6 4243411
6 2142210
6 2232612
6 1 330 9
6 83121 7
6 4222412
6 4132510
1 8242912
1 8122311
6 7232912
6 2241910
6 41244 9
6 3322010
6 4222010
6 2312310
6 1 324 9
2 2223012
1 3133212
6 2232512
6 1 22311
6 2132312
1 3332211
6 1 22412
6 2221910
1 3332712
2 21227 9
6 1 22210
6 1 12310
1 1 33715
6 3232510
2 1 32411
6 3133012
6 22522 9
1 3123012
6 22216 6
6 72417 7
6 22218 9
6 4132512
6 2314415
6 2252010
6 22317 7
1 8133311
6 23328 9
2 23226 9
6 7224111
6 1 316 6
6 22221 9
6 1 215 5
6 51315 5
6 1 315 5
1 1 33110
1 33322 5
2 22225 7
6 1 22010
6 32316 5
1 5143610
6 62318 9
1 1 237 9
1 21127 5
1 21321 8
5 81130 6
6 61337 7
2 31331 5
6 82340 6
6 52328 9
1 3133612
1 33242 5
6 1 243 5
6 71416 5
2 3123612
5 72239 9
2 53222 9
2 81337 9
6 31242 9
2 7221910
6 2233712
4 31233 9
6 1 33011
2 1 222 5
6 23319 9
1 8132510
6 3133212
6 62238 9
6 82327 9
6 1 34412
1 52237 9
6 1 221 9
3 5143410
2 31128 9
6 41319 9
6 31244 9
6 31225 9
5 1 243 5
6 22227 6
6 61319 5
6 32328 9
6 21222 9
6 21219 5
4 32235 5
5 51335 9
2 3123611
1 41244 9
6 52316 5
6 6223312
1 31343 9
6 21421 6
6 8123513
2 1 240 9
6 1 130 5
2 52222 9
6 7233010
4 1 341 9
1 7142612
6 3212711
6 32218 9
6 71222 9
6 1 426 9
6 1 32412
2 22432 9
2 1 34212
6 1 321 9
2 23421 7
2 1 32010
6 71431 9
6 2242212
5 62320 9
6 31322 9
6 1 327 9
6 4232310
6 52228 9
6 5142410
6 52416 6
2 22424 9
4 42239 9
6 1 22210
6 3313910
6 41322 9
1 21333 7
1 31240 9
6 2121910
6 22516 7
2 8114110
1 2113410
5 2123712
1 3144210
6 2154410
6 21339 9
5 2133613
1 2222712
6 1 121 7
6 31118 9
6 51224 9
4 2124112
1 1 240 5
4 2124212
1 21230 5
2 1 132 9
1 1 235 9
5 2222412
6 2334410
6 23225 9
4 8124112
1 2124410
5 2333110
6 2322911
4 1 343 9
1 22126 5
1 31433 9
6 7233412
6 2123910
6 2323311
4 21241 9
6 1 317 7
6 2123411
1 2123215
6 22215 5
1 2234112
6 31217 6
6 22218 7
1 21127 5
1 61422 9
1 22130 5
1 31241 6
1 22222 9
1 32328 9
6 42237 7
2 41327 9
6 21415 6
6 21215 5
1 61344 9
6 5132613
1 71333 9
1 3133312
6 42418 9
6 51317 6
1 4233812
1 21227 5
6 42216 6
6 31324 5
6 22119 5
6 21327 9
6 71118 7
6 31218 5
1 2232911
2 21230 5
1 6232910
2 23226 9
4 51230 9
6 4233012
198824215
6 5242110
1 2133112
6 81120 9
6 41219 6
6 2222110
6 22121 9
1 21232 9
1 1 32410
6 7123512
6 7142511
2 21227 5
6 1 121 6
6 1 318 5
6 21219 5
1 22233 9
1 21128 9
5 31225 9
1 21332 9
1 3134012
1 33240 5
5 21343 9
1 6122813
6 5134311
1 3144011
6 1 318 5
6 3142010
1 2323213
6 2233010
6 22315 5
6 41316 6
6 31321 9
6 22315 5
6 22115 5
1 21239 5
1 22239 5
1 7143413
6 2112410
6 1 217 7
6 5132612
6 82323 9
1 1 240 5
1 1 32810
1 22227 9
5 22227 5
5 21222 5
2 21225 5
6 22226 5
1 22228 5
1 23142 9
1 1 241 9
6 32417 7
1 32333 7
1 1 33910
6 32218 7
6 31318 7
6 31316 5
6 62417 5
6 22140 5
2 61224 7
6 22315 5
6 4142010
1 21337 9
6 1 321 5
6 22421 9
2 2113712
6 41416 6
1 4124110
6 1 24010
6 31119 9
4 5134211
6 31215 5
1 31433 9
6 3132411
6 31239 9
6 71218 7
1 4232715
6 4232512
6 32318 7
6 83417 6
1 4233112
6 6333913
6 4232110
1 3133010
1 4233112
1 3233110
1 2212610
6 8222110
1 3143213
1 32242 9
1 4223210
1 3123815
1 6143010
6 31315 5
6 21215 5
1 4233611
1 4133813
6 32216 7
6 62415 6
1 5143613
6 1 22612
6 3222010
6 31417 6
4 31329 5
4 21235 5
4 22242 5
1 21243 6
6 22217 9
1 6132310
6 22238 5
1 21244 5
4 2113010
4 1 229 6
1 22229 5
6 1 224 5
6 6122410
6 51340 9
4 1 244 5
2 1 42611
1 2333115
4 3233510
1 4233415
6 4132010
1 7133813
6 22328 9
1 2234413
1 22134 5
2 21230 5
1 22227 5
5 21232 5
1 21222 9
1 51333 9
6 21231 5
2 51238 5
2 1 225 5
1 22121 9
6 1 119 5
1 21226 5
6 21221 5
2 61222 5
2 21321 5
6 42215 5
2 8133210
2 22222 5
2 71317 5
1 51242 6
4 3144010
1 3142710
6 61320 9
6 81320 7
6 1 425 9
1 21236 5
2 22226 9
5 22322 9
6 22225 5
6 21223 9
1 21228 5
6 21234 5
6 32536 9
2 2133610
1 32136 9
1 3144312
6 32319 9
6 22317 6
1 61325 9
6 2233712
6 1 13812
6 6323313
6 1 14310
6 4234013
6 3121910
2 8223713
1 21234 9
6 21216 6
1 1 23610
6 1 317 6
1 2223710
6 21343 5
4 71134 7
1 22229 9
6 1 237 9
6 31227 9
6 1 328 5
1 22229 5
1 21231 9
1 22328 9
1 21224 9
6 22223 9
6 31228 9
6 21228 9
6 22322 5
1 21332 5
1 5223310
6 1 12411
1 8223012
1 2243810
1 2133410
6 42416 5
1 1 239 9
1 3123010
1 32234 9
6 2232410
1 2352413
6 32318 6
1 5143911
1 42441 9
4 1 22910
6 31329 9
2 31335 9
6 3232512
2 1 32710
6 31320 9
1 22244 9
1 1 12610
1 3143611
1 21237 5
1 42232 9
6 7133112
1 5144012
1 7132010
6 1 32210
6 51329 9
6 2212910
6 61219 9
6 71326 9
6 71326 9
6 3232711
4 72141 9
4 31231 9
6 7142510
6 7134210
6 3222212
6 1 22810
6 22215 5
6 3212010
6 3112110
2 1 31910
6 23333 9
6 22217 7
1 3133910
6 1 415 5
6 61423 9
6 21419 9
6 23317 6
1 1 32811
6 6333613
6 1 22412
6 42318 9
1 1 426 7
6 43315 5
4 4123811
6 23318 9
6 1 316 6
1 5133810
1 42327 9
1 7143412
6 22216 6
6 1 244 8
1 21337 6
6 73336 7
6 1 24310
1 43244 9
4 6132510
6 2133010
4 6143213
6 1 238 9
1 61423 9
4 1 243 9
2 1 122 9
6 1 21910
1 3123911
1 1 22912
6 1 22211
1 2223712
6 22315 5
1 61431 9
6 7143212
6 1 32010
4 1 23013
2 1 335 9
1 2133110
4 2223510
1 8234011
1 1 23912
6 1 23110
6 21421 9
6 21318 9
6 1 43012
6 1 23910
6 2223911
4 1 24111
6 21323 6
1 21330 5
1 71428 9
1 22229 5
4 23340 9
6 41218 9
6 32215 5
6 4332110
6 2122715
1 3142510
6 42415 5
6 22216 6
6 22315 5
6 61418 7
6 1 32110
6 83116 6
1 22230 9
3 1 23412
6 2132410
6 1 238 9
1 31338 9
4 3113910
1 4143212
6 41318 9
1 2224312
6 1 23112
6 41216 5
6 21318 9
6 22316 6
6 22117 5
1 21238 5
2 22222 7
6 22215 5
1 22136 6
6 5123710
6 51318 7
6 81318 9
6 52319 6
6 21319 9
1 21236 9
6 22237 8
6 61316 5
1 21344 5
6 82233 9
6 83516 5
6 32318 7
6 1 42312
1 22224 9
1 2223510
1 51427 7
6 1 23213
6 61419 9
4 2123515
1 1 337 9
1 51137 7
1 21230 9
1 21335 5
6 1 215 5
6 8222310
6 8132412
1 2134011
1 1 243 9
6 22221 7
6 2322710
2 2123010
6 1 43313
1 61424 5
6 22320 9
6 32323 9
6 51219 9
6 2332811
6 1 33112
6 6123612
1 81242 9
6 22431 9
1 8224313
6 1 23110
6 1 23212
2 1 52612
2 1 42412
1 51443 9
4 1 23012
4 6133613
6 2123210
6 8324414
6 72229 9
1 22333 9
6 6121910
6 8222310
6 82417 7
1 22238 6
6 71418 9
6 2243412
6 1 316 6
1 22330 9
1 23531 9
2 22321 9
1 23237 9
6 22223 9
1 23223 5
1 21329 7
1 8213912
1 2322912
6 22215 5
1 21237 9
1 51234 6
4 42237 7
2 1 334 7
6 21319 5
2 1 327 7
1 22327 9
1 21133 9
6 1 13110
6 21219 9
6 7141910
6 23536 9
6 2242210
1 1 23615
6 31344 9
1 22336 9
6 8323011
4 8223811
6 1 22212
6 2141910
6 8222612
2 2122410
6 21323 9
6 2132911
1 8212813
1 2223410
6 22215 6
6 22316 6
6 1 22510
6 2244312
6 4142312
6 2322412
5 2122810
1 6113310
6 22223 9
2 22225 9
1 61434 9
1 7124010
1 7142710
1 23231 9
1 43340 9
6 2132210
1 3233110
1 2134213
6 23218 8
1 22324 5
6 72234 9
6 22215 5
6 22315 5
1 31426 9
6 21123 6
6 2212215
6 1 220 7
6 21315 5
1 1 143 5
1 2232710
6 61315 5
6 8141910
6 51316 5
6 22336 9
6 8232312
1 1 32810
6 1 222 9
1 1 24312
4 7234112
6 71218 7
1 7343913
2 1 424 9
6 1 33710
6 1 337 9
2 1 342 9
6 8222510
6 7132210
1 2334310
4 1 236 9
1 4223310
6 8223510
6 72218 7
6 8222511
6 4222310
4 42132 7
6 8133212
2 8132912
4 2133915
1 5144511
1 2143911
6 7132211
6 2231910
6 31217 6
2 8242910
1 8132210
1 51243 6
6 2133912
6 61227 9
6 2212010
6 22315 5
1 1 142 9
6 3232110
6 22518 7
6 1 33110
2 1 541 7
2 1 234 5
1 21143 5
6 23317 7
1 71228 9
1 21338 7
6 31230 9
1 51330 7
6 23115 5
6 3123410
1 1 222 6
6 22223 9
6 21319 9
1 71231 7
1 21241 9
6 1 24110
2 21235 5
2 3223111
1 3133510
6 2222410
1 21540 5
2 2323412
6 2333310
1 2122910
6 2123610
4 8223612
2 1 24313
6 2112310
2 4223012
6 7223312
6 1 33815
6 1 43312
4 8254310
6 1 33211
6 1 32412
6 4143312
6 4132512
6 62132 7
6 2 217 6
6 7132612
4 8223912
6 21124 9
1 21224 8
1 2123410
1 22227 9
1 22235 8
6 2222010
6 51323 9
6 4131910
1 21440 6
1 1 33010
6 62317 7
6 2222210
6 1 342 9
6 22315 5
6 1 315 5
6 6242211
6 81431 9
4 32335 9
6 1 232 9
6 62237 9
5 41236 9
4 22233 9
6 62218 9
6 6123510
2 23235 5
2 1 234 9
6 2124211
1 22233 5
4 3134411
1 21128 5
1 81238 9
6 5222210
2 21338 5
6 21221 5
5 22231 5
1 1 222 5
6 21241 5
1 22330 9
6 1 12010
1 22230 5
1 22324 7
2 22522 9
6 21117 6
6 22217 9
6 6212712
6 1 316 7
6 21327 9
2 23326 7
6 21118 9
4 22226 9
6 3122810
6 2113210
1 2223510
6 72316 6
1 1 33912
4 2254212
6 2142110
6 72218 9
1 1 244 6
2 71141 9
4 31336 9
6 8222810
6 1 124 9
1 21227 9
1 2333110
6 1 22710
4 1 23012
6 1 33612
6 6232410
2 1 22912
2 1 22412
6 1 32810
6 6234413
6 2223610
6 1 332 9
6 61432 9
6 1 23212
6 8323710
5 4312610
1 2233010
6 43115 6
6 1 317 6
5 2224010
6 62417 6
6 1 218 7
1 1 24014
6 73318 9
6 2133613
6 2133715
6 1 24312
6 1 317 7
6 8352815
6 4132110
1 8223512
6 2232612
6 1 115 5
6 2132412
6 1 23413
2 4322412
6 3323012
6 1 22612
6 2222111
2 6132411
6 1 32212
2 2132212
6 8222713
2 2313111
1 6134312
4 7124312
1 2232715
6 1 320 9
6 3122712
2 1 23311
1 2142512
6 2223211
6 71231 9
6 2223810
6 1 119 7
6 1 316 5
1 22336 9
1 1 43810
6 71217 7
6 42318 7
6 2142712
6 4332612
6 7332410
6 22218 7
2 1 23810
6 72218 9
6 72216 5
2 1 33712
4 61325 9
1 52340 5
1 22324 9
6 22316 5
1 22234 9
6 43216 6
1 21326 6
1 21333 5
6 73320 9
6 1 12210
1 1 323 9
6 3222210
6 51320 9
1 23235 9
1 22232 5
2 22233 5
1 22232 9
6 23220 9
1 22236 9
4 22239 5
6 61219 7
6 2134410
4 73439 9
1 1 321 9
6 21233 9
6 21326 9
6 1 219 9
6 1 43910
6 2133412
6 2132110
1 41342 9
4 71329 9
6 1 217 7
1 1 244 9
1 51235 8
1 23228 9
4 1 141 9
2 7333110
6 1 221 9
4 2134410
1 31439 5
6 1 234 8
5 23342 9
2 72326 9
2 72339 9
6 53316 5
6 22219 9
2 21433 9
1 2234010
1 2223010
6 1 21910
1 21343 7
6 1 22211
6 21216 5
6 61322 9
1 23243 9
6 1 220 9
2 21243 5
2 21324 9
4 2214312
6 1 318 9
6 22316 6
6 22219 9
1 4233610
2 21228 9
6 1 425 7
1 22137 5
2 1 142 9
6 1 219 9
6 62324 6
1 1 33811
1 21336 9
6 82316 6
6 21217 6
2 4222912
6 2242812
6 42238 9
6 32216 6
1 1 32811
1 22232 9
6 1 217 6
6 21322 7
6 72216 6
1 23435 9
1 22224 6
6 61317 6
1 21231 9
6 1 315 5
2 23321 6
6 81216 5
6 22315 5
6 71317 7
1 1 340 9
1 22221 7
5 22340 7
6 22317 7
4 2224010
6 1 316 5
5 7142410
4 32237 9
6 1 216 6
1 1 244 9
6 33316 6
6 1 319 6
1 1 24010
1 2134310
6 1 235 9
2 1 52612
6 1 416 5
6 4132710
2 1 227 7
6 1 32211
2 2122411
2 61126 9
1 51344 5
6 21333 6
6 22316 7
6 31315 5
2 2222610
1 21330 6
6 22218 5
1 22236 5
6 22215 5
6 6122210
6 1 22510
6 8243210
6 1 32512
6 5142410
6 1 217 6
6 72341 9
4 2234410
6 12215 5
1 1 34012
1 31343 9
6 3141910
2 52325 9
1 21418 9
6 31117 7
5 21230 5
6 1 22512
1 22238 9
6 83319 9
6 22218 9
6 8332810
6 8332312
6 1 318 9
6 1 417 7
6 2232310
6 83227 7
1 4223015
6 21315 5
1 2224315
6 1 53210
1 4234415
1 7334310
4 2234412
6 1 317 7
4 22344 9
6 8233911
6 1 237 9
6 2333110
6 1 32912
1 8223912
6 1 42510
6 82320 9
6 1 244 9
1 1 24412
6 8132910
6 1 32610
6 61417 7
1 1 325 9
1 1 331 7
1 22224 9
1 1 24112
4 1 13910
4 22443 9
1 2224410
6 22315 5
6 21116 7
1 22230 9
6 8 32912
1 31430 9
1 22227 5
1 21337 9
5 22242 5
6 81316 6
1 81342 5
6 22242 5
6 1 323 9
6 1 23912
2 22233 5
6 1 332 6
1 1 24310
6 8343011
6 8123511
6 31231 7
1 1 235 9
2 22224 9
1 1 33813
6 62422 7
1 4143212
1 21227 6
6 83335 5
3 72141 7
4 22244 9
4 22328 7
6 3122910
6 1 32010
2 21335 9
5 41219 9
2 2212710
6 22318 7
1 81343 5
6 2322810
2 22334 7
4 1 444 9
6 81337 9
6 32124 9
2 22331 9
6 2132812
1 22235 9
1 52232 9
1 21127 5
6 22344 5
6 83338 7
4 1 23212
1 8223912
6 8233912
6 7132010
2 4333313
6 2332110
6 1 24113
1 1 33712
6 42318 9
6 1 32310
6 31318 7
4 1 13412
6 2223515
1 8333912
6 2324313
6 2324310
6 2222110
4 2143510
6 41315 5
1 7142710
1 2323610
6 2332110
6 1 221 9
6 1 316 7
6 4323710
6 21315 5
6 2123612
6 82219 9
6 1 220 9
6 8323910
6 1 237 8
6 41417 7
6 22216 6
4 2233511
6 2223210
6 2222912
6 2 315 5
1 2224212
6 22243 9
1 23239 9
4 2334410
1 2233711
6 23218 9
6 42220 9
1 4343412
6 62216 5
6 7241811
6 2324111
6 22418 9
2 41434 9
6 2232710
1 8243111
4 2233811
2 22219 7
6 21323 9
6 62415 6
6 1 320 7
6 22217 5
1 51340 9
6 62322 9
4 22237 9
6 32215 5
2 1 326 9
1 1 34210
6 1 33310
6 2211910
6 82423 9
6 3132210
6 32218 9
2 5242810
6 1 32811
6 7122512
2 2132910
1 21232 5
2 21323 6
6 2233710
5 22334 9
1 62239 9
2 2142111
6 22317 7
4 2224312
6 1 23012
6 42216 5
1 4224312
6 2322110
1 2124210
2 63224 9
6 21136 8
1 2243912
6 1 218 5
6 23143 5
6 1 335 9
1 7342411
6 4333212
6 1 23813
6 2232210
2 2322612
6 1 32612
6 7243513
6 61417 5
6 2233211
6 73317 7
6 1 318 6
6 42217 7
1 2243313
6 81334 9
1 61435 7
6 31218 9
6 61115 5
6 31316 5
6 22417 6
6 51226 7
6 6142412
6 1 13410
6 22317 7
6 23319 9
6 23216 6
6 31417 7
6 2232010
6 2351910
1 2213113
6 21216 6
4 8334110
6 2332010
1 2233411
6 22218 9
6 2322411
6 22216 6
6 22141 9
6 2234010
1 4324210
6 2332010
6 1 323 7
6 33231 9
1 21340 9
6 22216 5
4 1 22510
1 32441 9
6 1 324 9
1 22225 9
6 21122 9
6 7141910
6 81317 7
6 21215 5
4 22244 9
6 1 22210
6 21217 5
6 22417 5
4 31340 9
1 4214114
6 52324 9
6 2313710
6 82220 9
2 2232310
6 2223813
6 2144412
4 22338 9
6 8231910
2 3124412
3 3233611
6 8332010
6 82416 6
6 7241910
1 2123910
1 3123012
1 22236 5
1 2123913
6 2122610
6 8322412
1 3224012
1 21239 5
6 3131810
1 2213713
6 51219 9
1 31231 9
6 22335 9
1 1 325 9
6 31316 5
6 21344 5
6 21115 5
6 21134 5
1 6142410
6 22221 6
2 21224 5
6 1 226 5
6 1 22512
2 1 23811
1 22335 9
6 11317 7
2 3222610
1 1 334 9
6 2313713
6 22218 9
6 22516 6
1 4244111
6 61418 7
1 1 24412
1 1 24215
6 2221911
6 8222312
2 1 536 9
1 2313412
6 43218 6
6 22228 9
6 22319 9
4 21236 9
1 2223311
6 2234412
6 2223710
1 2134310
6 2132312
6 21243 9
1 21334 9
6 2253911
6 2133410
1 21217 6
1 1 336 9
1 22530 9
6 2212910
6 32418 9
4 4224210
4 73343 9
1 41337 9
6 7132511
6 1 340 9
6 61241 9
6 32422 9
6 21216 6
6 42319 9
6 1 338 9
6 8242510
1 32440 5
6 32336 9
2 1 13110
6 22416 6
4 1 243 5
6 1 218 7
6 1 235 9
6 1 324 5
6 2234210
6 1 340 9
1 51430 9
6 3132410
6 2121910
6 2121910
6 21215 5
6 1 435 9
2 2214313
1 1 22910
4 2254010
6 1 31910
2 1 33311
6 43217 6
6 6142412
6 7232512
5 4121810
1 42332 9
6 41315 5
6 63217 7
6 4134210
6 41219 6
1 42132 9
6 1 341 9
1 31336 6
4 31243 9
1 8323910
6 31332 9
6 22224 9
6 2323911
6 1 218 7
6 1 316 6
6 41319 9
6 22216 6
6 1 216 6
6 22218 9
6 22216 6
6 22329 9
1 4232711
1 62235 9
6 22317 7
2 23323 9
2 4222511
4 23236 9
1 42136 9
6 81316 6
6 1 33110
6 4132210
6 8122510
1 3123210
6 6132211
1 5134310
6 4132511
6 2233111
5 5144211
6 7232410
1 8143111
6 32315 5
6 1 317 7
4 1 33510
6 1 330 9
2 1 235 7
6 1 218 5
6 2223512
6 1 32310
6 8222910
6 8232710
1 2133312
6 1 225 9
6 1 32212
6 2132410
5 8123011
1 42242 9
5 6133410
1 4242910
6 1 118 9
6 41244 9
5 2133812
6 32217 7
4 1 343 9
6 31217 7
4 32231 9
6 3142510
6 71319 9
6 1 318 9
1 63331 9
4 52134 9
6 3232211
1 33235 9
6 33131 6
6 7232010
1 2144010
1 2343111
1 6234310
1 81123 9
1 2222811
6 51316 6
6 73230 9
6 22317 6
6 32220 9
2 2222810
6 73218 7
5 72138 9
1 1 23812
6 4212412
4 22244 9
1 2222310
6 23317 7
6 71332 9
6 21417 7
6 8222610
6 31341 6
6 32328 7
6 82222 9
6 3234110
5 31244 9
6 31316 6
6 32216 6
6 31430 9
6 81235 9
6 1 124 9
6 31144 9
6 3121910
5 31244 9
6 31335 9
4 5113410
6 1 216 6
6 81319 9
4 1 23612
1 21243 9
6 2233312
1 1 533 9
6 4222212
6 1 324 9
6 81421 9
1 32426 9
6 1 220 9
6 8132712
1 1 228 9
6 32321 9
6 42217 7
6 4332412
2 1 420 9
1 1 322 9
5 71437 9
4 43227 9
6 3132110
6 22416 5
1 4233212
6 1 22010
6 2232110
6 7141910
6 43118 7
6 52122 7
1 6134013
6 61315 5
6 6132310
6 62217 7
1 4133312
1 4224311
1 61240 9
6991231 5
6 21127 9
4 31338 9
6 72116 6
6 21225 5
6 1 33410
6 22315 5
2 1 241 9
6 33425 9
4 51344 8
1 6144410
6 71236 9
6 1 443 5
6 1 221 9
1 4224110
6 22218 9
6 22218 9
6 22217 7
6 7232010
1 22343 7
6 2233813
6 2232110
4 2232910
6 61532 9
6 1 343 7
1 1 240 9
6 23239 7
6 72416 5
4 1 33811
1 3133712
1 2244410
6 2233211
6 31417 7
4 5123511
6 1 230 9
1 4234412
6 1 315 5
1 6143512
6 2133412
4 3223412
1 1 33112
6 43318 7
6 41217 6
4 1 337 9
6 43317 7
6 43318 7
6 23218 9
6 43225 9
4 2114012
1 7243612
6 1 317 6
1 2243312
6 22318 9
6 1 319 9
6 2142410
1 2123915
6 4332412
1 2133211
1 4323812
6 42221 9
4 4223810
1 4234312
6 7132310
6 4332210
6 22323 9
6 2233810
1 1 335 9
6 23436 9
6 1 33610
6 72139 9
6 6232810
4 4223711
6 72318 9
1 4233512
6 1 22710
6 73516 5
6 8332912
6 23315 5
6 8241910
6 31217 6
6 31418 7
6 43118 9
6 1 218 7
1 4233812
1 2223914
6 82323 9
1 1 144 9
6 1 915 5
6 33423 9
6 42315 5
6 42216 5
6 23319 9
6 21318 6
6 1 337 9
199323315
6 4233012
2 81428 5
4 61438 9
6 22218 9
6 2232310
6 6143611
6 1 32310
4 8333212
4 51240 9
2 1 22310
6 1 23012
6 2233813
6 6133110
6 31326 9
6 4222710
2 1 13113
4 4133311
3 3144311
1 32233 9
6 42315 5
1 4243410
1 22329 7
6 52216 6
6 23144 9
4 1 227 9
6 1 32010
2 1 220 5
6 22139 6
6 1 224 9
6 1 220 9
6 2232412
4 8223013
4 6152911
6 42129 5
6 7132412
6 1 130 9
2 22242 9
6 3231810
6 72320 7
6 31335 9
6 4232312
6 41433 9
1 2133712
6 4232810
4 1 24210
4 43143 9
1 61228 9
6 21417 7
6 22318 7
6 32115 5
6 42315 5
6 22219 9
6 22315 5
6 2141910
6 1 32010
6 32318 5
6 61315 5
6 1 216 5
1 21440 9
6 42415 5
6 41418 7
6 83216 5
6 4232210
1 4223512
6 22315 5
6 41116 5
1 42224 9
6 2221910
6 22216 6
6 41218 9
2 42217 6
6 43240 9
2 3222210
1 32139 9
1 31236 9
6 1 230 8
1 1 236 9
1 81238 9
1 31332 9
1 5143011
6 1 321 9
6 1 218 9
6 1 237 9
6 3223810
6 1 224 9
1 1 23813
6 11417 6
1 7134312
1 2144213
6 73219 9
6 1 231 9
1 1 22915
6 2121810
6 7234012
2 1 420 5
6 1 14311
1 4223115
1 4133913
6 2323812
2 22233 9
1 4123615
1 2243315
6 7122210
6 1 322 9
1 5232912
6 1 33412
6 1 32010
6 22221 9
6 31316 5
6 42219 9
5 4124213
6 3232513
1 2223610
6 1 415 5
1 32239 5
1 4144212
2 1 33910
1 8144311
1 2312911
4 41340 9
1 1 437 9
1 21138 9
6 81244 9
1 31243 9
1 2233810
1 4143413
6 42318 9
1 83136 9
6 43319 9
1 3143312
1 2243612
1 31329 9
6 7142410
2 2142210
6 1 22712
1 4223312
1 4232810
6 4142714
1 3132913
6 3132811
1 2122310
6 22321 9
4 4133111
6 42216 6
1 8224010
6 3132110
2 3132710
6 61417 6
4 31142 9
6 31441 9
1 71327 9
6 3211910
6 33315 6
6 31418 7
6 7133612
1 61333 9
6 72320 7
6 4221910
6 42317 5
6 72315 5
1 72231 9
6 1 217 9
6 33320 9
5 31137 9
2 1 218 9
6 1 219 9
1 3233810
1 4334310
1 4223112
5 1 24411
6 1 115 5
6 1 138 9
6 31238 7
6 42216 6
6 31218 7
6 32235 9
6 31321 9
4 41233 6
6 1 420 9
4 1 333 5
4 3124312
4 7154011
6 3123712
6 32332 9
6 5222412
6 3223310
6 3132812
6 31316 6
6 42116 5
6 1 31910
6 81317 7
6 3132610
6 31217 7
2 1 123 9
6 1 42010
6 41222 9
6 2133010
2 1 335 6
4 32133 9
2 22330 5
6 5132711
6 22220 5
2 42538 9
1 2323610
1 33132 9
1 21145 9
6 7 34212
6 3222011
6 3241910
6 22220 9
6 1 32310
6 3132910
6 31418 9
6 2232110
6 3222210
6 1 319 9
6 1 319 7
6 41419 9
6 3123413
6 1 32512
6 4232210
6 4232210
6 32126 6
6 1 217 7
6 4123110
5 32343 9
6 32216 6
6 61227 9
6 31315 5
6 3224415
1 1 241 9
6 1 335 6
2 22138 8
6 31230 8
6 1 22410
6 4231910
6 32317 7
2 1 22210
6 41417 6
6 31416 6
2 22329 5
5 8333212
1 8234215
1 8223813
1 4133313
6 4133912
1 3224010
1 2243412
6 32416 5
6 32324 9
6 32328 9
1 3143311
4 4133511
1 1 240 5
6 1 22210
6 3232210
2 1 423 9
3 1 335 9
1 31243 9
1 4112711
4 41438 6
1 31242 9
2 32420 9
1 3142212
6 1 22111
6 41319 9
6 22418 9
6 71319 9
6 7232810
6 6132110
6 5242010
4 72230 9
6 4212110
6 72316 6
1 6254410
1 4224312
6 32320 9
1 1 441 7
4 1 334 9
6 4243510
6 41230 9
6 32219 9
1 32321 7
6 1 119 9
4 71236 9
1 42235 9
6 2332010
1 3123512
1 5134012
6 1 418 9
6 7143111
6 43221 9
6 5121910
6 22218 9
6 3131910
1 32139 9
6 61317 6
6 1 116 5
6 41317 7
6 32215 5
2 42324 9
6 3232010
6 32327 9
1 3113210
1 41324 9
1 21232 7
6 32316 5
6 31416 5
6 62518 9
4 2143611
1 41341 9
1 31442 5
6 4222610
6 22115 5
6 1 42312
6 31224 7
6 3122410
6 42323 9
6 4253110
5 33132 9
6 1 318 6
6 3142211
6 31215 5
6 51418 9
6 71135 9
6 31318 9
6 82340 9
6 5144010
1 2222910
6 8322210
6 3343210
5 1 33311
1 2232110
1 3232610
6 29121 9
6 1 241 9
4 3232911
6 5212511
1 2133212
6 1 216 6
6 22516 5
6 1 32511
2 7253611
1 2313912
6 71315 5
6 5132410
1 32136 9
6 23316 5
1 43329 9
5 23324 6
1 81431 5
6 22316 6
2 1 421 9
6 22318 7
1 1 225 9
6 82116 6
1 8213110
2 7124312
6 1 32710
4 2223211
1 23242 9
1 2124213
6 1 23912
1 2223911
6 31415 5
6 82128 9
6 1 338 9
2 1 33511
1 23335 9
6 61133 9
6 8224110
2 22235 7
6 42317 6
1 2114215
6 31216 6
6 61442 6
4 41334 5
1 31342 8
2 1 227 9
6 32219 7
1 21236 9
4 2124110
6 22326 9
1 31330 7
6 1 516 6
6 83316 5
6 42319 9
6 8233211
1 22339 9
4 1 24411
6 2132912
6 42320 9
6 21222 9
6 22216 5
6 1 217 8
6 21116 5
6 21323 9
6 2252410
6 22219 5
2 21540 5
2 22137 9
6 1 234 9
1 22227 5
6 22223 9
1 21126 8
4 3324410
1 6233314
6 1 428 9
1 21241 9
6 5153113
6 1 242 9
4 8324212
5 1 24411
2 8132511
6 5142412
1 22238 9
1 2233410
1 8143314
2 5123711
4 1 535 9
6 23336 9
1 72321 9
6 1 334 7
5 42337 9
1 1 336 8
6 61240 9
6 21315 5
1 21136 9
6 1 233 5
6 4223510
6 51416 5
5 83127 9
6 62223 5
2 1 331 6
6 21328 9
6 32438 9
6 31320 7
6 22326 9
6 22533 9
1 22122 7
1 23342 5
6 4232010
6 81518 9
2 1 230 5
4 1 335 9
1 8222713
5 2114412
5 2314212
6 81317 6
6 1 318 7
6 6132310
1 22238 9
6 22323 9
1 21229 9
6 6143010
6 21319 5
6 71316 6
2 31326 9
6 32240 9
1 2134113
6 1 24310
6 22218 7
6 1 326 9
4 43334 9
6 2222610
6 32316 6
6 32231 7
6 52323 7
6 3131910
6 31217 6
1 3133711
6 32317 9
5 22238 9
6 32241 9
6 52418 9
4 1 239 9
2 32223 9
4 51343 9
6 5132810
6 1 240 9
6 31231 6
5 31322 9
6 3152010
6991216 5
1 41538 5
6 1 417 5
1 31132 9
1 3134312
6 72221 9
6 1 23713
2 4324211
6 32120 6
6 41316 6
6 4241910
6 42318 9
6 41316 6
6 42224 9
1 2223410
6 31215 5
6 72318 7
1 4143210
6 4232810
4 4134212
6 4224313
1 7133510
6 21419 9
6 22417 7
6 31116 6
1 61341 9
6 32323 6
6 22415 5
6 1 220 7
6 21122 9
6 1 22210
6 2232111
1 4234313
6 1 217 9
2 7232711
6 61116 6
1 2222810
1 83426 9
1 62442 9
1 4243415
1 32231 9
6 31225 9
6 51325 9
1 3132910
6 3132910
6 3132110
6 3242110
1 3143212
6 1 422 7
4 33236 9
6 31218 7
6 22217 7
1 3133110
4 31231 7
6 41315 5
6 31420 9
6 6233111
1 31428 9
6 1 22110
6 4232410
4 3123612
6 1 222 9
6 41216 5
6 81119 9
6 72316 6
1 3133512
6 73221 9
6 3142710
6 7132212
6 12317 7
1 3134012
6 72318 9
6 3142210
2 32421 9
6 3132413
1 61427 9
1 31426 9
6 31316 5
6 1 322 9
6 32316 5
1 3122610
2 51342 9
1 31429 9
6 1 317 8
6 21216 6
6 31316 5
6 31320 9
6 32225 9
4 3133011
6 3222610
6 32417 7
4 32241 5
2 41326 9
6 31219 9
2 31430 9
6 32418 9
4 2223610
1 3143911
1 51225 9
1 32235 9
6 72524 5
6 3122110
6 1 215 6
6 31416 7
6 7333412
1 4134215
1 5123312
6 3233510
4 71331 9
4 3243110
6 1 34111
6 4141910
6 1 22911
6 41415 5
6 31317 7
6 4222210
1 51333 9
6 51325 5
6 32331 9
6 5143711
1 41238 9
1 5133410
6 83317 6
4 31241 9
1 71424 7
6 1 32210
6 32121 9
6 4214313
4 4132811
2 2332310
6 83234 9
6 51133 9
6 31338 9
4 51341 9
6 32118 5
6 31218 7
6 31418 9
1 1 233 9
6 31317 6
5 33138 9
1 1 138 9
6 4131910
1 51231 9
1 3224210
6 83317 7
6 32119 9
6 1 218 7
6 3123010
1 2223312
4 3123512
1 41326 9
6 4312110
6 3233111
4 2213412
6 1 22110
6 1 416 5
6 4322412
1 2224414
6 4223415
6 8113313
6 81327 5
6 1 33314
6 1 32210
6 1 22310
6 7143012
6 1 138 9
6 8113411
2 1 32210
2 4243212
6 1 24313
6 8224412
6 2222210
6 4132010
6 2213211
6 22320 9
6 2232010
6 4322210
6 4212111
6 3122010
6 2232210
6 8322110
6 5142011
6 2212110
1 61441 9
1 22238 5
2 6233210
6 62315 5
6 71120 9
1 1 13712
6 62215 5
4 83139 9
6 3243311
1 22122 9
6 2334111
2 21225 9
1 71434 9
6 4131810
6 5133510
6 1 238 5
6 1 236 5
6 23228 5
6 21219 5
4 21329 5
6 22217 5
6 22139 9
6 22217 7
5 21238 5
6 71328 9
1 22329 9
1 21232 5
6 22216 5
1 21229 5
6 32219 9
6 2232310
1 2242511
2 31222 9
6 1 224 9
5 32226 5
6 1 116 5
6 1 436 9
6 31115 5
6 31244 5
6 1 431 9
6 61234 9
6 2123810
4 2234412
6 4132912
2 82222 9
6 3132613
6 22337 9
6 1 318 9
6 4242412
6 21318 9
6 3222210
1 31243 9
1 8124112
1 4134412
1 1 24112
6 2222610
6 4232610
1 8233010
6 4222812
6 1 218 6
6 43333 9
4 3233910
6 42319 9
6 1 218 5
6 7113110
6 1 322 9
6 1 417 6
6 32115 5
6 31419 9
1 1 42510
6 32219 9
4 1 13112
6 1 42610
4 42334 9
1 3133710
6 51316 6
6 32216 5
4 1 242 9
6 1 317 6
2 1 337 9
6 52216 6
6 31316 6
6 41215 5
6 42317 9
1 3223211
6 1 424 9
6 32316 6
1 21330 9
1 21341 7
1 21238 9
6 1 218 7
5 51122 9
5 22228 9
1 42335 9
4 23333 6
6 21218 9
1 8323012
1 21430 9
1 21230 5
6 21219 9
4 1 231 9
6 1 320 5
5 1 32910
6 3232210
6 3132510
6 31323 5
6 8222010
4 22134 9
4 22229 9
6 2232111
6 71423 9
5 5132810
6 6322110
6 2322310
1 41331 9
1 1 326 9
6 22416 5
6 42218 7
6 2134112
6 21323 9
1 32242 6
5 21235 9
4 32335 9
6 1 33810
1 22429 9
1 21238 9
4 2133515
6 2124012
1 21339 9
6 21227 9
6 61418 5
2 3142011
1 41344 7
1 21127 5
6 21139 9
6 22220 9
6 1 218 7
1 3124011
6 1 217 7
6 21315 5
6 22316 5
1 22242 9
6 22315 5
6 31315 5
6 53320 9
4 2123810
6 4223312
6 32325 9
1 2133712
6 31216 5
2 21243 5
1 21338 9
5 21233 7
6 22326 9
6 21122 9
6 23339 9
6 21226 7
2 22330 9
6 32115 5
2 21428 5
6 3132611
6 21220 5
6 21415 5
6 8142610
4 1 227 9
6 8324012
4 61243 7
1 61223 9
2 21323 5
2 21327 7
6 6132412
6 82236 7
6 62319 7
6 1 323 7
6 1 31910
4 6233510
4 32237 9
1 6113410
6 6122010
6 1 33513
6 1 230 9
6 4 215 5
6 63216 5
1 2132910
6 2342910
1 61423 9
1 1 23111
1 62222 9
1 61323 9
6 62321 9
1 6122310
6 1 219 9
2 4332912
6 1 216 6
6 51321 9
1 6134113
6 63331 9
6 51420 7
1 1 331 9
6 21319 9
6 22415 5
6 2241910
4 2242610
5 62336 9
6 4141910
6 6241910
2 23318 9
6 1 224 7
1 6113011
6 51231 6
6 6133713
6 63220 9
1 51423 9
6 8323012
6 1 22010
1 62242 5
6 1 23010
6 22120 5
6 3122410
6 21221 9
6 22318 9
2 1 31910
6 2213310
6 71415 5
2 22118 9
2 2232410
6 1 118 9
5 1 43911
1 22135 5
6 52142 9
6 82317 7
1 21235 9
2 1 323 9
6 22225 9
6 4232210
6 1 22510
2 71120 9
6 1 23112
1 2333615
4 4324212
6 1 321 6
2 2343710
1 22343 5
6 2222310
6 3112812
1 2223812
6 1 22010
6 72443 9
6 2133911
4 4223610
6 1 219 5
6 2142412
2 21218 7
6 2232110
6 71416 6
1 21338 7
6 2222110
6 22316 6
6 62122 9
1 21436 9
6 22215 5
1 2223712
5 22231 5
6 2232212
5 1 319 6
6 4323310
1 8114312
6 1 226 9
6 1 12110
6 23324 9
2 22219 9
4 71239 9
1 2144411
6 4224312
6 1 220 8
4 1 234 9
6 22233 9
6 72336 7
6 61326 9
1 6132710
6 8131910
6 1 32110
1 6122910
6 63321 7
1 6132410
1 61233 9
1 6212610
6 63218 7
1 3122812
1 6233413
1 62223 9
6 1 417 7
1 6133612
4 6242810
1 1 325 5
4 51141 9
1 6142310
1 6132410
1 6142311
1 6143110
1 6132211
1 6132210
1 6132610
1 6142210
1 6142411
1 6142310
1 6142410
6 61319 9
1 6232510
6 6233710
6 62315 5
1 6133710
6 62219 9
6 61320 9
1 6142210
6 61321 9
6 61118 7
6 8214012
1 1 23412
4 1 240 9
6 1 32512
6 41327 9
2 62420 9
2 5233410
6 61315 5
2 31331 7
6 61319 9
6 23218 9
6 1 324 9
6 1 22610
6 3 117 7
4 52232 9
3 1 132 9
6 1 215 5
6 1 224 9
6 1 23415
1 71140 9
1 1 23512
1 1 44312
6 71320 9
1 1 32412
4 51435 9
1 1 32411
6 8122612
6 8132210
6 4232110
6 6132010
6 7141910
6 2322412
6 1 32312
1 1 34110
6 1 222 9
5 1 237 9
2 8133910
6 1 33512
1 2224313
5 82243 9
1 1 23113
6 1 220 9
6 72219 9
6 1 23511
6 72419 9
1 7224410
6 33222 9
4 2234010
6 1 22210
6 31416 5
6 62316 5
6 82434 9
6 41215 5
6 7133410
4 1 24014
6 7242210
6 4133712
6 2342910
6 82424 9
1 6142613
1 21329 5
6 2122411
1 21227 8
4 21244 9
6 71418 7
6 1 22812
1 8333113
1 22939 9
1 2123812
6 4132712
6 6322011
6 3 216 6
1 83335 9
6 1 24112
6 1 22010
6 21318 9
6 8333612
6 1 318 9
6 1 24311
6 8242613
6 43215 5
6 21316 6
6 82221 7
1 1 23412
6 2244010
4 71343 9
6 1 318 7
1 1 223 7
4 8224011
4 52242 5
6 2322110
6 22322 5
1 21342 5
1 22340 5
1 22329 9
6 2122611
4 2234311
6 22322 6
6 1 218 9
1 22238 5
6 22216 6
6 72335 9
4 1 34111
6 3133812
1 42326 9
6 43243 9
6 6223410
1 71330 9
6 1 217 7
1 22227 9
6 32215 5
1 32333 7
6 3141810
6 4242610
6 1 32010
2 1 24310
6 43315 5
6 52415 5
6 1 223 9
1 1 435 7
6 2223710
6 1 217 7
6 4131910
2 1 22210
6 2141910
6 2122110
2 1 52510
6 1 22110
6 7222810
6 2232110
1 2122910
1 22438 9
6 51327 9
6 7142410
1 22244 9
6 22220 9
6 8232410
6 22421 9
2 5142811
6 22217 7
6 22342 9
2 81332 9
4 22240 9
6 31418 9
2 2122512
1 5134410
6 1 317 6
2 1 228 7
2 21225 9
5 1 228 9
1 51237 5
1 1 435 9
6 21418 9
1 21327 5
6 22115 6
6 23220 9
1 21330 5
6 22220 9
6 21217 9
1 52233 9
1 22123 9
1 21434 5
6 22316 5
6 21320 9
1 4232910
1 2234311
1 2234010
2 2124110
1 1 43011
6 6141910
2 1 24012
6991315 5
2 1 336 9
1 1 240 7
6 1 316 5
1 8143112
6 22217 6
6 1 32010
6 7242210
6 22315 5
6 23518 9
2 2144412
6 72319 9
6 8232310
6 2322210
4 1 23110
6 2222010
6 7142813
6 4212210
6 2133012
6 21220 9
1 2133010
1 8232914
6 82316 6
6 8324013
1 2242812
6 22215 5
4 2223911
6 22316 6
6 1 317 6
1 5222911
6 2232010
4 23237 9
6 1 222 9
6 22318 7
6 22229 9
6 22318 7
1 2222411
2 2333211
6 22343 9
6 81322 5
1 1 336 9
6 8124110
1 1 234 9
6 32315 5
6 3234411
4 1 24211
6 2234011
4 22234 9
5 1 332 7
6 32317 6
6 1 316 6
6 1 121 9
4 23342 9
1 42235 9
6 8132412
1 1 239 5
2 1 218 5
2 1 42310
6 22324 9
6 32332 9
4 2214012
1 83435 9
6 5232711
4 4333712
1 51428 9
6 1 319 5
6 4213610
6 51327 9
6 2232110
5 4214010
6 42242 9
2 23421 9
6 1 31910
6 22332 9
6 22322 5
6 1 316 5
2 51421 9
6 43419 9
2 1 324 9
1 61430 5
1 61438 5
1 61334 5
1 61439 5
1 71438 5
1 71431 9
6 62343 9
6 6132612
6 61430 5
6 72316 5
6 42417 6
6 3232010
1 41428 9
1 41322 5
6 7232710
6 22115 5
6 22219 7
4 32244 9
1 32137 9
2 1 220 9
6 42219 9
6 1 32111
4 31439 9
4 1 330 9
6 21242 9
1 1 324 7
6 41319 9
1 4243711
1 4213813
1 1 33311
6 42319 9
6 41315 5
6 6141910
1 61241 5
6 42318 7
6 71318 5
1 4133412
6 41317 5
4 41343 9
6 6223611
5 51437 9
2 1 332 5
4 1 33411
4 4322511
6 52419 9
4 5144211
1 4223211
1 7143610
1 61325 9
6 1 533 7
2 21136 9
4 21339 9
6 22340 9
6 31218 7
5 43428 9
1 72128 9
4 39138 9
1 42135 9
1 31239 5
1 1 223 9
6 3121910
6 32116 5
6 71321 9
6 51315 5
4 3232610
1 31420 9
6 1 33911
1 51244 9
6 42337 9
2 82221 5
1 22219 9
1 82431 9
6 52418 7
2 42224 5
4 1 340 9
6 1 419 9
1 42243 9
4 4313513
6 1 32110
6 42318 6
1 21231 9
2 42228 9
6 42338 9
6 41335 9
6 2222110
6 2133510
6 4133210
6 82224 9
4 4234012
6 4223115
6 22220 5
1 42233 9
1 4223712
1 1 241 9
1 4323810
1 6143612
6 43518 9
6 42417 6
6 3132312
1 42330 9
1 43332 9
1 41142 9
6 2232410
1 2222612
1 2143011
2 4132912
6 2222210
2 4232210
6 2243311
1 4133512
6 21316 6
6 22316 6
1 4132310
6 22218 9
6 82218 7
1 4332011
6 3122010
6 1 217 7
6 2232010
6 2232110
6 2242111
6 41316 5
1 4222512
6 4221910
6 1 318 5
1 1 240 9
4 1 241 5
1 31435 9
6 1 217 5
4 5223411
6 42340 9
6 2324112
1 22241 7
6 81320 5
6 82316 6
6 1 319 9
6 41417 7
2 42325 7
1 42331 9
1 7342810
1 81141 9
1 32433 9
1 3233410
2 81224 9
6 31137 9
1 32238 9
6 42220 9
6 1 22210
6 31126 6
6 61220 9
6 3114412
1 31336 9
6 1 222 6
6 31227 7
4 31234 9
1 41133 9
6 31216 6
6 31240 9
4 3133910
1 31234 6
6 32218 9
6 32138 9
1 33332 9
1988844 9
6 72318 7
1 7223510
1 31327 9
1 31339 9
1 31241 9
6 1 224 9
1 1 241 9
6 31244 9
5 1 541 9
1 31541 6
6 3323210
4 1 13612
1 1 236 9
6983219 6
1 31329 9
2 8214412
1 31339 9
6 1 33112
6988219 6
1 31342 9
6 3222110
1 3124110
1 32338 9
6 51321 9
6983241 9
6 1 117 6
6 31243 5
1 1 242 5
6 71217 7
6 38543 9
6 32120 9
1988143 7
6 1 117 5
1 6143912
1 4134112
1 1 231 9
1 51337 9
6 4223414
6 3232010
6 4132110
6 1 22110
6 1 22110
6 3231911
6 4332510
6 2231910
6 8142210
6 8332210
6 1 32110
6 8132110
6 3132010
6 4242210
6 1 32010
6 2232110
1 8344210
6 21316 6
6 42218 9
5 2232813
6 6122212
6 8312110
2 83331 9
1 1 327 6
6 31216 6
6 21126 5
2 1 219 6
1 51238 9
6 81222 6
4 31340 9
6 61322 5
6 2342712
6 11515 5
6 31418 9
6 3112310
6 1 22510
4 32333 9
1 1 226 9
2 1 227 9
1 31333 5
6 2221910
6 31224 5
1 31327 9
1 32233 7
5 31235 5
1 32222 7
1 71226 5
6 32127 5
1 31241 7
5 22238 9
2 32324 9
6 22416 6
6 31216 6
2 71436 9
1 21243 5
1 1 338 8
6 22237 5
6 21318 7
6 8234212
4 31233 5
1 21337 5
6 31319 9
4 3232910
6 1 318 5
6 51315 5
2 21231 5
6 22317 5
6 22219 5
2 1 227 5
6 1 131 9
4 43538 9
2 1 222 9
1 21320 5
5 81134 9
1 21228 7
1 41239 9
1 32332 9
4 32238 6
6 31315 5
6 5231810
6 83318 9
6 31415 5
1 1 234 9
1 21333 5
1 3233711
6 4222510
1 31341 9
6 3233612
1 51332 5
6 21219 5
2 21339 5
6 61319 5
1 21230 5
1 21237 5
4 8323610
6 32238 5
6 22321 6
1 61342 6
6 31218 9
1 32534 9
1 41140 9
6 1 215 5
6 31117 5
6 51423 9
4 31428 9
6 33218 7
6 33218 7
1 1 239 9
1 3133210
6 32116 5
4 1 244 6
1 53237 9
6 31226 9
1 41333 9
6 22216 7
6 51228 9
2 32334 5
2 8 317 5
1 5253910
6 32235 7
6 32317 6
6 31222 9
6 31329 9
6 31215 5
6 21216 5
6 42320 9
1 5133310
6 3142810
6 3121910
6 1 216 5
2 51324 9
6 3132510
6 4123312
1 3123211
6 31315 5
6 31316 5
6 32329 9
6 3232812
6 11316 6
4 31241 5
6 31324 9
1 3122310
4 31243 9
6 1 416 5
1 31432 9
1 31137 9
4 4133110
6 51316 6
6 3142010
4 31442 8
6 31218 9
4 32334 9
6 31217 7
6 3142312
1 41140 9
1 3123011
6 31317 7
6 62417 7
6 31315 5
1 31237 6
6 31121 9
4 4113410
1 41241 9
6 7132010
6 1 215 5
1 3143811
6 32318 7
6 1 340 9
6 71318 9
4 71144 9
6 62224 9
4 72237 9
1 3123310
6 41218 9
6 31418 9
4 31430 9
6 32323 9
1 33232 9
4 31141 5
6 31221 9
6 1 143 9
4 32238 9
6 31223 9
6 31221 9
6 31221 9
6 72219 6
6 3142310
1 7232811
1 71244 9
6 42228 9
4 32235 9
1 1 228 9
4 31241 9
1 1 232 5
4 31334 9
1 3143215
1 52241 9
2 3213811
1 63231 9
6 31422 9
4 3234111
4 2153712
1 6132810
6 2322311
5 23231 9
1 3222910
1 6124211
6 33216 6
6 31415 5
6 72317 7
6 21118 6
2 1 228 6
1 21234 9
6 5132011
4 3133311
6 22216 6
1 71436 9
1 22329 5
1 51424 6
6 32219 5
2 21226 5
6 21215 5
1 21326 5
6 31216 5
2 31227 6
2 1 221 5
2 1 243 5
6 21224 9
4 41338 5
2 33324 6
2 32242 5
6 31340 9
6 1 318 9
6 31224 9
2 1 218 9
1 31244 5
1 32236 9
6 22317 7
1 81341 9
6 21317 7
2 23229 5
2 33230 9
6 1 33415
6 31315 5
1 31227 9
6 1 22810
6 51318 9
6 22219 9
6 31238 9
1 52327 6
6 41320 6
4 53244 9
6 71319 9
6 3131810
1 31224 9
6 31441 9
6 22224 9
1 2143212
1 2143310
1 21341 9
5 31338 5
6 32222 8
1 5143410
4 2133310
1 2134110
6 22417 7
6 2322110
6 22316 5
1 21333 9
2 2132011
6 22418 5
1 21341 9
4 21223 9
2 22322 6
6 81324 9
6 1 215 5
3 53239 5
6 22320 5
1 71344 9
6 31315 6
1 2133710
6 42215 5
1 6124013
6 62424 9
6 2131910
1 5143312
1 3124212
4 1 23711
6 1 219 9
6 22215 5
6 22316 5
1 2133311
6 22317 7
4 2223010
6 51221 9
2 21338 9
6 2112910
6 62221 5
6 21121 8
6 23239 9
6 1 215 5
2 23319 5
6 31322 9
1 1 237 9
1 3133711
6 51315 5
1 3134011
6 32120 9
1 33341 9
1 5144110
1 51340 9
1 31432 6
1 21341 9
1 1 13710
1 3143511
6 22119 9
5 33317 5
6 1 318 9
6 1 219 9
6 31415 5
6 31215 5
6 1 317 5
1 21340 5
2 81319 6
6 51221 5
1 8334315
6 1 217 7
6 1 332 9
6 1 217 6
6 2242010
6 21215 5
6 41334 9
6 22315 5
6 31315 5
6 41320 9
6 42416 6
6 41316 5
1 61230 9
2 2123610
6 51216 5
6 2233310
6 22221 7
1 5132610
6 51318 9
6 21220 9
2 61329 9
6 31215 5
6 5133810
1 51234 9
6 82216 6
1 61233 7
6 1 117 7
4 2134011
2 5132310
1 31334 9
6 21217 7
6 22217 6
6 82239 9
6 22216 5
6 22426 5
6 5142210
6 21417 7
4 21343 9
1 21332 9
1 21423 9
6 22215 5
1 1 24010
6 1 215 5
1 31333 9
1 1 330 7
6 2133912
6 42317 6
6 2233211
6 1 317 6
1 4133510
6 32241 9
1 6134412
6 21416 6
6 1 119 9
6 61417 6
1 61238 9
1 61326 9
1 6133612
6 62219 9
1 52428 9
1 2312912
6 22315 5
6 22215 5
1 61226 9
4 1 225 9
6 31418 9
6 21216 6
1 2232812
4 1 339 6
6 1 32310
6 4 217 7
1 51431 9
1 8113511
6 1 32110
6 7143411
6 1 32210
6 8232412
6 1 31910
6 1 243 5
2 1 32715
2 4222210
6 2332110
6 1 235 9
6 1 12411
6 1332912
6 8233312
4 22327 9
6 7132712
6 1 22210
1 1 23315
6 1 22310
6 6222410
6 6133711
6 42324 9
6 8222310
6 1 33312
2 43222 9
6 21318 7
6 7242110
6 3242610
1 7233310
2 1 32812
1 8323512
2 1 321 9
6 1 22913
6 1 23814
6 1 220 9
6 7223410
6 7244411
6 21340 9
6 21215 5
6 1 22010
6 1 339 9
1 22334 5
2 6132910
6 8143512
6 22336 5
4 21344 9
6 2233211
2 1 423 5
6 61435 9
6 4133313
6 8142411
2 3133912
6 4242612
4 8233912
6 4233513
6 8232712
4 21440 9
5 2243211
6 6133813
6 81418 9
4 2133712
