5 5143610
5 4142910
2 2232912
6 81343 9
6 2141910
4 3223310
6 31215 5
1 2143912
1 8232710
6 53116 5
1 7222812
6 2142412
1 2144312
1 4333612
5 3134410
6 8131810
6 1 32610
5 72233 9
6 21417 7
2 1 323 9
6 41420 9
6 21418 9
6 42316 6
1 8223612
6 71432 9
1 3142110
1 1 22910
6 31131 9
6 1 24113
2 31343 9
1 4242912
1 71133 9
6 31117 5
4 71131 9
6 23218 7
6 81317 9
6 21124 5
2 2223310
1 4134312
1 3132210
1 1 32712
2 5223010
6 31324 9
6 1 24310
1 8123712
1 1 424 7
6 22218 9
6 71338 5
6 1 423 9
6 5142110
1 7123912
6 3142110
1 2123815
1 7232812
5 21130 5
1 7142610
1 3133311
2 2132313
6 1 315 5
1 1 23911
6 3141810
5 1 230 9
1 6123912
2 7222210
4 3132811
6 62518 9
2 31327 9
1 31228 9
6 1 22713
6 1 339 9
1 1 43011
2 1 22510
5 72225 7
1 8132812
5 81836 9
2 22325 7
4 82231 7
1 31429 9
1 21242 5
6 82315 5
1 42227 9
2 22319 9
6 1 217 7
4 7233912
1 2113713
6 81137 9
4 5123611
1 41323 9
1 2142710
1 1 23110
1 31141 6
1 5142810
1 8132110
1 21319 5
6 32318 9
6 82421 9
6 31331 9
2 3223210
1 8224312
6 41417 6
6 1 219 9
6 3132010
1 7144010
6 2222912
1 1 24411
6 1 318 7
6 5111910
6 1 221 9
6 51316 5
6 8133013
1 2222812
1 7132010
1 5143710
1 2124112
6 31319 9
2 1 43111
4 31137 5
4 7144012
2 3133910
2 51319 6
4 4213013
2 4224312
6 72226 5
6 62430 9
2 2143210
1 72428 9
1 2232712
1 1 34013
5 3212712
4 3143913
6 1 41910
6 3132511
2 31330 9
6 7132311
2 1 32612
1 21340 9
6 2133612
6 1 23213
6 1 316 6
6 21222 9
6 1 321 9
1 21236 5
2 1 324 9
2 52235 9
1 2112810
2 1 42110
4 5222811
6 21316 6
2 42119 9
6 71418 9
2 1 335 9
6 22117 9
4 5123711
1 2342810
6 31416 5
2 71331 5
2 3142310
6 32241 9
6 31220 9
1 7243710
1 4143312
6 21427 9
1 32434 9
1 5132010
1 71439 5
1 7143710
6 31216 6
1 2133910
1 3142810
4 1 23111
1 5123611
4 2114211
2 1 221 9
6 4132111
6 22115 5
6 1 119 9
6 72317 6
6 2132310
3 31241 9
1 21244 9
6 31141 7
1 1 129 5
1 7213612
6 2132312
1 21142 5
6 21219 9
6 1 327 9
2 31143 9
6 51315 6
6 7232110
2 2143112
6 8142310
4 5233410
6 72118 9
2 2232210
2 1 330 9
1 31429 9
1 21219 9
6 2221910
2 22238 7
2 6122310
6 41415 5
1 4224212
6 7122712
6 1 329 7
1 41425 9
2 7133011
6 1 32110
4 22135 5
2 32419 7
6 52117 7
2 1 322 6
5 4233111
6 1 122 9
6 1 32310
6 7142110
1 1 23310
2 22129 7
1 7243111
1 2143613
1 4133412
6 71421 9
1 72239 9
6 4323313
1 4133911
2 1 42110
4 5124410
4 1 24311
6 1 217 7
6 1 131 9
2 1 23012
1 8122612
1 7143713
6 21117 6
1 5142710
1 4122812
1 2323712
6 1 315 5
2 1 315 5
2 22344 9
1 3223412
6 8232412
6 81215 5
2 81441 9
6 31128 5
1 51344 9
6 4231910
4 1 23313
6 21340 5
6 7142412
1 4133210
1 2322812
6 31316 5
6 21415 6
6 71419 9
6 7132812
1 71426 5
1 2133212
1 1 243 9
5 31236 9
6 22316 6
6 5142210
1 3142510
2 1 13515
2 41419 9
6 83318 9
6 1 422 9
6 7133510
6 21115 5
6 22122 9
1 3144011
6 1 12210
6 21329 5
2 2222510
1 22323 9
6 7123610
6 1 22110
6 31319 9
1 22234 9
6 32327 9
4 61128 9
4 1 23212
1 1 23212
6 2122010
6 2241910
5 81331 5
2 3122712
2 1 32910
1 61437 9
6 82229 9
1 7144112
2 7132610
1 3143410
2 22422 9
6 32216 5
6 3332610
4 7233012
6 72229 7
6 7123212
4 7113412
1 3142513
6 2142111
6 31423 9
6 1 436 9
1 22135 9
6 1 124 9
1 2324214
1 8243010
2 51125 9
6 3142513
6 1 317 7
6 2232010
1 2133611
1 2233111
2 51443 9
1 31333 9
5 72226 9
2 2133610
1 22233 5
6 7233210
6 1 415 5
2 21341 9
6 71116 6
1 51418 9
6 72115 5
6 1 415 5
2 5133512
2 7242615
1 1 33912
4 61131 9
1 1 13310
2 1 23513
1 4223312
6 1 331 9
6 3142710
6 32318 9
6 71216 6
6 8143413
2 22226 5
6 21218 9
5 51234 5
6 71423 9
2 2233112
6 8122712
4 7144310
1 42337 9
4 71425 9
1 1 229 9
6 1 23412
1 7143310
5 22135 9
6 41330 9
1 1 53113
2 1 221 9
1 1 122 9
5 21339 5
6 21216 6
1 1 32712
6 31324 9
6 3122810
6 2142010
1 7144213
6 32323 9
6 1 219 9
6 62218 7
2 22421 9
2 1 131 9
6 1 229 9
1 31435 9
6 7142612
1 81939 5
5 72333 9
6 82318 7
1 62235 6
6 5142510
2 62424 9
1 7132810
6 71322 9
6 21431 9
6 31217 7
1 51418 9
2 71328 9
2 1 13711
6 1 42311
4 72229 9
6 72233 9
6 1 227 5
5 7123012
2 71421 9
6 23322 8
1 2232911
1 5142712
6 7122112
6 1 116 6
1 4234311
4 8143712
1 8133612
1 51443 5
1 21241 9
1 31330 9
6 7122010
6 3132511
1 3134410
4 31431 9
1 8334413
2 22126 9
5 22241 5
1 1 23112
1 3124112
6 31418 9
6 51416 5
1 31128 9
1 1 12812
6 31430 9
2 72325 9
6 51315 6
2 51342 9
6 82318 9
1 31342 9
1 32419 9
1 8334313
2 81427 9
6 72423 9
6 41116 5
4 7233010
6 71217 7
6 4123110
1 3242210
6 71420 6
1 2223510
1 31243 9
6 1 331 5
1 21135 5
6 21218 9
1 4123010
1 8233813
6 1 215 5
6 21221 7
4 1 32812
1 1 14014
2 73320 7
6 7144412
6 1 342 7
6 2233915
1 3133613
6 31224 9
4 1 34012
6 1 316 5
2 1 524 9
1 21242 9
1 1 14110
6 42217 6
2 61123 9
6 41325 9
1 7143012
5 31331 7
1 8142910
1 7242811
2 2133512
6 31415 6
6 2112210
5 1 22612
1 7243712
6 81416 5
2 81244 9
6 21319 9
1 23330 9
4 7223512
2 1 22412
6 7133112
1 2234013
6 1 418 9
6 1 119 9
1 4242512
1 3133210
6 6131810
6 7122410
2 22129 8
1 2133512
4 3123411
1 2123612
1 71430 9
6 3142812
1 1 336 9
5 22139 6
1 21144 9
6 7133010
4 1 442 9
6 1 34110
6 3143012
2 1 14312
2 72422 9
2 1 442 9
6 3242910
1 4123711
2 21332 5
6 2233212
2 2243210
6 5133610
6 81131 9
6 2233010
6 21419 9
1 22236 5
6 5141910
1 31234 9
1 4133012
6 22418 7
1 31238 9
2 3223110
6 2132312
6 1 220 9
5 8143411
1 8132512
6 2231910
4 5133311
6 31338 9
1 8123512
6 31326 9
6 3132411
4 1 24011
1 6133511
1 2334012
6 22315 6
6 3134012
6 4132615
1 1 33915
4 3133812
1 51234 9
6 7132010
4 7123510
2 3223510
6 1 22010
4 72433 9
1 4233512
1 51332 5
4 7133311
2 7333010
6 8112110
1 4323515
1 8142510
2 8332712
6 23227 9
6 71329 9
1 22233 9
6 31317 6
1 4233112
2103225 6
1 3142410
6 71415 5
6 32319 6
6 7123311
6 1 216 6
6 22318 7
2 4332911
4 71239 7
1 2133913
1 22234 7
6 1 423 9
2 22224 9
2 31330 9
2 61330 5
4 21243 9
4 71143 5
1 7333512
6 7243113
6 71320 9
6 2222712
1 21227 9
5 3242810
1 21339 9
1 2133610
6 6112210
1 2134312
4 51344 9
6 61416 5
6 1 319 9
2 42337 9
1 7142912
1 23420 9
1 7142110
6 31326 9
2 2234212
1 2123011
6 31231 9
6 72317 6
6 2112410
1 1 23112
2 8212613
1 21333 5
6 2124212
6 3232612
6 31330 7
6 7222010
1 2112412
4 3233510
1 51427 5
1 72420 9
6 1 42913
6 8232010
1 71343 9
1 7133312
2 31428 9
1 5143410
6 1 218 6
2 1 223 8
6 32215 5
2 21320 5
5 21134 5
1 7132310
6 2133810
1 71332 9
6 2132412
1 2144412
6 22217 7
6 72316 5
6 21226 5
6 1 116 5
6 72217 7
1 31233 9
6 72118 9
1 1 32812
2 3232910
1 31233 9
6 32418 7
6 22129 5
1 72228 9
6 32417 7
6 22215 5
5 2224311
5 32330 5
2 22126 6
1 1 13914
1 3233512
6 31426 8
1 7143012
2 1 32512
1 3133510
6 21319 9
1 32340 9
1 7143212
5 3122910
4 1 132 9
6 22317 7
6 71317 6
6 22415 6
4 51224 9
1 4123612
6 3231910
6 51220 8
1 1 338 5
6 3142811
6 3213611
1 4142410
2 21322 6
6 71316 6
6 31337 9
6 1 33011
2 1 32612
4 2133314
2 31229 9
6 2222511
6 31417 7
4 7133112
1 31424 9
4 8224313
6 3142010
6 3143510
4 7232611
1 1 33613
6 81321 9
6 1 333 9
1 7133011
2 4142210
6 1 417 7
1 1 342 9
5 1 33410
6 1 323 9
6 6122512
2 1 22511
2 1 33010
6 1 215 5
1 7143312
6 21116 6
6 2133013
6 52317 7
6 1 22110
5 22226 5
2 1 22614
6 81218 9
2 51326 9
1 2123910
1 2242513
4 51331 9
1 8123915
6 72316 6
6 1 32411
1 21320 9
6 3132410
3 31342 9
1 8223411
6 1 216 6
1 31332 9
1 4133112
6 32417 6
6 22320 9
4 1 43910
2 7324310
6 1 224 7
1 4232512
1 7143712
6 21316 6
6 8223011
6 22318 9
2 3223010
6 22217 7
6 4222711
1 7242710
6 21217 6
1 71136 9
1 1 420 9
6 21317 7
6 2242311
1 4223712
6 1 318 5
1 3233311
6 21415 5
6 2352412
6 21233 5
1 3132410
6 2322310
6 32225 9
6 21316 5
1 4143713
1 1 42710
2 8132912
2 33220 9
1 2233512
1 21335 9
2 2123611
6 8142210
2 1 324 9
2 31425 9
4 7233410
6 7223512
1 1 32911
6 4141910
5 31438 9
2 1 33210
6 2122910
6 6242612
6 21242 9
6 61227 9
6 3122910
6 2232412
6 3124013
2 1 328 5
1 6144210
6 7242110
1 4142412
6 1 12212
2 1 42310
6 21417 7
4 3123810
2 1 23515
6 21317 7
1 2234310
1 4243910
6 1 322 6
6 5142010
6 7144011
6 21218 9
2 42421 9
6 1 32312
6 1 14410
6 3132010
6 31421 9
2 1 32710
6 21415 5
2 4132412
4 1 330 9
1 3132310
1 2133213
6 1 21910
2 72235 9
4 1 22911
1 2144210
1 71336 7
1 3124210
1 21244 8
6 31420 9
6 31237 9
6 71336 9
6 7132610
6 31416 5
6 51227 5
4 3234012
1 7142010
1 4223611
6 4133510
6 23218 9
6 4142412
2 71230 6
4 3133612
6 4142210
6 22235 6
5 4132712
6 1 32011
1 51332 5
6 82318 9
6 83421 9
1 3123611
2 1 42610
1 1 33912
6 21242 9
1 31244 9
2 1 33513
6 1 315 6
2 72234 9
2 2123711
1 1 34011
2 1 32512
1 2243812
1 32223 9
2 1 42610
6 6232011
1 5143812
6 1 23810
6 71415 5
6 71317 7
1 2222810
4 5124410
6 4232312
1 51443 5
6 3122911
6 62117 5
2 6142710
6 1 317 7
4 81242 6
5 31241 6
2 72229 5
2 1 32210
1 1 323 9
4 8133611
6 72315 5
1 2223310
1 21225 9
6 2132210
6 4222412
6 1 42712
4 81437 9
6 81435 9
6 2232310
6 1 116 6
2 3122310
4 2134412
2 2223210
4 3114410
1 1 32912
1 1 22510
6 22317 7
1 22438 9
1 3134412
6 8252712
1 7113211
1 2143211
6 7142511
5 2153711
1 1 23410
6 8133812
2 22318 7
1 2144413
6 1 32412
4 32328 9
6 43216 6
2 1 244 9
1 1 23112
6 73223 9
6 2332110
6 3142412
6 1 23413
6 71125 9
6 1 31910
4 8123710
2 1 33211
1 1 144 6
6 31417 7
6 1 118 9
6 7134210
6 2233912
6 23227 9
1 2223713
6 31237 9
6 1 118 9
1 3234113
5 51143 9
2 1 424 6
1 21141 5
1 1 33313
1 33438 6
6 51318 9
6 22216 5
6 6142212
1 2314410
6 31217 7
6 31134 9
1 1 44312
5 1 420 5
6 32316 5
6 21215 5
2 32242 9
5 31229 9
6 1 32712
6 31233 5
6 43317 7
1 5143612
1 1 34212
1 81438 9
1 7143610
1 21226 7
1 7143912
6 82332 9
6 31218 7
6 21415 6
4 61131 7
4 7134013
5 1 235 9
1 7142211
1 1 238 9
1 2143911
1 1 43313
6 6223714
6 22319 9
4 71132 9
6 51427 9
6 1 318 9
5 5214410
2 8143410
1 2243712
6 4232010
1 81343 7
6 31125 9
1 22428 9
6 21217 7
5 7233810
6 4133110
1 4142412
2 2322110
1 1 140 9
1 4143911
6 31420 9
6 2223510
1 7122814
2 21324 6
6 2123813
1 22441 9
6 1 325 9
2 2242010
6 7122210
1 21230 9
1 1 33110
1 1 231 9
2 1 431 9
6 1 319 9
6 1 32010
5 7233610
6 1 217 7
1 4223812
6 7133610
6 8131810
6 7142610
6 31117 7
1 71443 9
1 4123012
1 31236 7
6 31418 9
6 3133012
1 81444 9
4 7144212
6 82330 9
1 2234013
6 8133111
6 31341 9
1 2133313
6 31317 5
1 42318 5
1 7242710
4 71327 9
2 72218 9
5 62235 5
2 3233110
1 8334113
6 22123 9
1 7233410
2 1 23013
1 7143312
6 7232010
1 21242 9
1 3143714
4 1 233 9
6 22443 9
6 2232410
1 2234310
6 22323 9
1 1 43315
1 8123512
2 6333112
1 1 143 6
6 72416 6
4 3143911
1 21422 9
6 1 317 7
6 1 318 7
6 21320 6
6 1 428 6
2 1 14211
2 1 42610
6 1 221 9
2 5132510
6 1 22912
6 1 124 9
1 51429 9
2 1 424 9
2 4343011
1 21232 5
2 31421 9
6 3133613
1 8333811
6 22415 5
6 1 217 5
5 51344 5
5 23126 6
4 22134 9
6 22319 9
6 1 320 9
1 51235 5
6 31317 7
6 3112410
6 31222 9
2 1 42613
6 81320 7
1 8143212
1 3234213
4 7223612
6 1 33510
6 5123711
4 3134012
6 4242111
4 7134311
6 1 224 8
6 31235 9
2 1 229 5
1 2223710
5 4243411
2 43419 9
6 2113410
2 3112610
1 82423 9
1 2132712
6 5131910
6 82219 9
4 41334 7
1 7244010
6 22429 7
2 2143911
1 21330 9
2 22221 5
1 51342 9
6 71326 9
6 2142512
6 1 22010
6 1 419 9
4 1 337 9
1 4124112
4 4222410
6 4122510
4 43236 9
1 81436 9
1 5143812
6 2242612
1 31227 8
1 2143412
6 3133210
1 8144310
1 81332 9
6 1 22710
1 1 14012
6 71316 6
1 21240 5
6 71419 9
1 5143411
2 2332110
1 7143511
1 8293813
2 72242 9
1 41434 9
6 31143 5
6 7132110
1 21243 5
6 1 217 6
6 31318 7
1 4243613
1 2144312
2 22230 6
1 2232812
6 22215 5
6 33418 9
6 31239 9
6 2232810
6 22243 7
6 1 23513
6 31419 9
6 8142310
1 51434 9
6 7123211
6 22419 9
6 1 425 9
2 1 32312
2 4131910
4 31428 9
6 7123210
1 8243610
6 1 32610
6 41216 6
1 3144113
2 21128 8
2 2232312
1 3124112
6 21416 5
1 4143910
1 1 22912
6 1 218 9
6 81216 5
3 82243 5
1 71140 9
2 72429 9
4 3132910
6 32217 7
1 52337 5
2 1 144 7
6 7132412
5 31234 6
6 53117 6
6 41416 5
6 21317 7
1 2142612
6 42316 6
1 1 327 9
6 2232110
4 2223511
6 41315 5
2 21236 6
3 21339 9
1 1 23614
6 1 428 5
2 21228 9
6 2132110
2 32337 5
2 2244012
1 8113110
1 72138 5
6 21216 6
6 1 32312
1 31422 9
6 2122911
6 81417 7
6 1 327 9
6 3114010
6 4232410
6 7324411
6 32318 9
1 2114111
6 51417 9
6 4113512
1 31329 9
6 1 24213
1 8223413
6 7142910
6 22318 9
1 5243812
6 1 318 9
1 2223213
1 51224 5
1 2114010
6 21124 8
1 6123112
6 1 219 9
6 2123712
5 3213511
2 3242710
1 2232712
6 6233213
6 51544 9
1 2223914
5 22130 9
2 1 23810
2 3233910
2 1 33710
6 33419 9
6 8323812
1 71328 9
1 1 23511
6 32418 9
2 8133210
2 21434 9
6 42219 9
1 51222 6
1 3233511
1 62332 9
6 3143011
2 4323910
6 32217 7
6 52332 9
2 51231 5
6 72115 5
6 71417 7
1 3132711
2 4242612
6 7142510
4 72133 9
6 71315 5
4 3213710
1 23241 9
1 31422 9
2 31337 9
1 7142412
2 71420 9
6 22320 6
1 6144111
6 31219 9
1 2133811
6 21419 9
6 1 22312
6 8133110
5 21139 9
2 1 123 9
1 7233013
1 5142310
6 1 34213
6 41329 9
1 4124212
5 1 343 5
6 31429 9
6 21315 5
1 4134010
1 3143610
1 5142610
6 72216 5
6 31222 9
6 31242 9
2 4233611
2 4142310
1 71322 9
5 3144111
2 22317 7
2 23225 9
1 2232910
6 3142510
2 1 43410
2 22239 5
1 2214112
4 1 24413
1 4334413
2 5142711
6 1 218 9
2 7232510
6 2133712
1 21244 9
2 3234012
6 31431 5
6 2221810
2 1 130 9
6 23223 5
1 8133112
6 6231810
5 1 23411
4 2143510
6 22243 5
1 3234112
6 2143611
1 4132910
6 2124113
6 1 118 9
6 1 32411
6 7241810
6 31417 7
5 2223311
1 71443 9
6 21317 6
1 1 341 9
6 31339 9
6 21127 5
6 81317 7
5 2123310
6 21143 7
6 8133611
6 32216 6
4 6232911
1 1 223 5
6 71317 7
6 1 219 9
1 2123413
1 21327 9
6 42323 9
6 1 12712
2 22131 9
6 51321 9
6 1 33112
1 32227 9
6 1 32510
6 22417 7
1 1 43312
2 5232412
1 1 430 9
1 61436 5
1 5132612
6 71225 9
1 31431 9
6 2242412
1 21339 9
6 32242 9
2 1 427 9
6 7142510
1 31341 9
2 2222011
1 1 338 9
6 31318 9
1 2134410
1 8344413
2 3142310
1 8133613
6 7124013
2 2122510
1 7132412
1 42331 9
6 1 32711
1 21324 9
6 41316 6
6 31431 9
6 32417 6
6 1 216 5
6 2222312
6 31226 9
5 1 14212
6 1 227 9
6 2142513
6 5133110
6 31216 5
1 31228 5
6 21341 9
6 22321 9
2 1 231 9
2 22341 9
5 31233 9
1 8223210
6 7242211
1 3332812
5 31144 9
6 2132212
6 1 218 9
6 1 124 9
1 2144411
1 1 42812
6 1 317 6
1 1 43912
1 3124410
2 1 32311
1 2233210
4 2132711
1 21336 9
6 2232110
6 61317 6
4 7133012
6 22318 9
1 1 425 9
6 52315 5
5 3222810
6 72218 9
6 72418 7
6 82321 9
1 2133310
1 6143310
1 81332 7
2 4132612
6 42418 7
6 71417 7
2 31325 9
6 21417 5
6 1 417 7
6 1 229 9
6 3123110
2 1 319 7
6 73215 5
6 21324 9
6 3222910
6 71217 6
1 4134210
6 1 11910
6 72118 7
1 7133713
6 32229 9
2 21333 5
6 31317 6
6 31324 9
1 3124410
6 7132610
6 1 224 7
6 72422 9
6 1 21910
4 7233210
2 22420 9
1 5133910
6 82217 7
3 7124110
1 71439 9
1 8242910
6 8222111
5 2243210
1 8144111
2 7132912
6 72416 6
6 2114312
2 32215 5
1 21231 5
1 2213210
1 3142612
6 2142813
6 5133110
1 3244410
6 1 418 9
1 1 23912
6 73215 5
1 23421 9
2 1 128 9
1 1 32210
1 8132912
2 7322713
6 31316 5
1 51435 9
1 7123812
6 71337 9
6 82418 7
1 1 23812
2 4123013
6 3222910
2 21234 5
1 31343 9
2 2242511
6 72425 9
6 21428 9
1 3142210
1 21428 9
6 8233013
1 2124313
1 4144412
5 8133312
6 1 417 6
6 81215 5
6 1 118 9
6 3232110
6 21232 8
2 71425 9
6 22218 9
6 4132010
2 51322 7
2 2223211
2 22226 5
6 22216 6
6 2233111
2 71422 9
1 8123212
1 4134413
6 2142010
6 31317 7
2 31942 9
1 22330 9
6 21118 6
5 1 332 9
1 1 128 7
6 42123 9
1 1 34412
2 1 321 5
6 22225 6
2 81321 9
1 2122710
6 41118 9
4 1 14413
6 32122 5
1 41332 9
6 1 22910
1 8144012
2 1 22913
1 31442 9
6 71415 5
1 21425 5
4 72137 9
2 1 42610
1 7142912
1 21136 5
1 1 433 9
1 3142710
6 21219 9
6 3132110
1 21332 9
4 3133410
6 22244 9
2 21339 9
6 31242 9
4 71243 9
2 31225 9
1 23321 7
2 2332010
6 1 419 9
2 1 232 9
2 31417 7
6 7132912
1 21341 9
1 1 339 9
6 22318 7
6 21217 6
1 7142910
2 32323 7
1 72337 9
2 22433 9
6 1 316 5
6 21115 5
1 31432 9
6 31238 5
6 3132410
2 22124 5
1 7134213
6 21417 6
6 3142110
6 1 218 7
1 2123910
1 1 325 9
5 72129 7
1 3143212
1 61428 7
1 1 42513
6 8233110
6 2132613
6 71227 6
6 1 23113
5 4222211
6 71216 7
1 1 42410
4 4132911
6 2142812
6 2212110
2 21130 9
1 71235 5
6 31332 9
6 1 417 7
1 22438 5
4 2124410
6 21315 5
1 2143411
5 1 325 6
6 1 418 7
1 8134413
1 21133 5
6 7142210
6 22216 6
1 21333 9
5 81442 5
6 51330 7
2 72423 7
5 71334 9
2 8222610
1 2242710
6 61316 5
1 4214010
6 42218 9
6 71327 5
1 2143813
6 1 316 6
1 7134110
1 1 33415
1 2223312
1 1 333 9
1 4243010
6 31218 9
6 1 135 7
6 3122711
1 1 42915
1 3243810
1 1 22312
1 3113211
1 22222 9
6 3143310
6 2132312
6 72130 9
6 71326 9
6 61426 9
6 7132212
2 22236 7
5 22240 5
6 41315 5
1 2142512
6 22123 7
6 33325 9
6 1 220 7
6 7122210
3 21144 9
6 4142212
1 2333511
6 21240 6
6 1 316 6
1 2223711
6 51428 9
1 1 13612
1 4142913
6 23416 6
6 9 42410
1 32226 9
6 83217 6
6 71315 5
1 22237 5
1 2223812
6 1 22210
6 31441 5
1 8133910
6 81417 5
6 31238 9
6 1 54110
1 22531 9
6 7133613
6 2242210
6 1 22010
6 31426 9
6 8232312
6 3114412
6 31332 9
6 4133112
6 71227 9
6 1 12412
4 51328 9
1 1 223 9
2 2233210
6 23219 9
1 4233311
6 1 424 9
2 3124010
1 7233512
1 2132911
2 2233012
6 31341 7
1 5113110
1 2123911
6 7232812
1 1 23512
6 41218 7
4 6113912
6 2123310
6 1 122 8
1 6212710
6 71221 5
6 1 32910
5 5323011
5 1 230 9
6 81215 6
6 22218 9
4 31340 9
6 71316 6
4 1 139 9
6 1 32512
1 3323913
2 31132 9
1 81435 9
6 31337 9
2 21327 5
6 21228 9
1 2122912
4 8123512
1 7132510
1 4233113
6 5222810
1 31225 9
4 2244012
1 72428 9
6 2232410
1 1 335 9
6 23229 9
1 71334 9
6 1 315 5
2 4232810
6 22316 6
6 71235 9
6 21416 6
6 71218 9
5 3124210
1 7132910
6 4221910
4 7144010
1 2223313
1 2133412
6 1 424 9
6 31215 5
1 8143112
1 3133611
6 21123 9
6 3232510
6 1 22610
6 4232610
6 61416 5
1 21143 9
1 1 33610
6 71316 6
6 71335 9
6 41224 9
1 3223113
1 21135 5
1 7122510
6 3142110
6 2112010
6 31131 9
2 3323210
1 1 34411
6 31439 9
5 1 344 9
6 71417 6
6 1 33513
5 71140 9
6 31316 5
2 32326 9
1 2342710
5 5133510
4 3123813
1 3143312
2 21236 5
4 7233410
6 7153613
1 31443 9
6 62417 6
6 23417 6
4 2233210
6 5223512
1 4133311
1 5243712
1 21325 6
4 7123810
6 2312610
6 6142212
6 21237 5
6 8122410
1 4132712
4 22138 5
4 21131 9
6 22318 7
6 71322 7
1 4224311
6 2233110
6 3143110
1 7142712
1 1 23811
6 42417 7
2 3132210
6 42322 9
6 1 415 5
2 71234 5
6 8124413
1 5133710
6 31215 5
6 72216 5
6 2233011
6 32336 6
1 7143510
6 7242010
1 1 340 9
1 4233514
2 1 12810
6 7142912
1 2122410
2 21233 9
6 43116 5
1 7232710
6 7222310
6 2121810
1 31225 9
1 51139 9
6 6321810
6 1 342 9
1 7233510
6 1 119 9
6 1 222 9
6 5142110
2 3132910
1 4133212
3 1 229 9
5 21236 5
2 32319 9
6 1 325 7
6 1 42410
4 3234310
6 31329 9
1 1 331 9
2 72238 9
6 22216 6
4 3224012
1 1 331 9
6 1 319 9
1 32343 9
1 8134210
6 2113210
4 1 24311
2 2233210
1 3132510
5 7234310
1 8133811
6 41321 9
4 31341 9
5 2143212
1 7143711
2 7132612
1 21327 9
1 7134312
4 71227 9
6 8232613
1 1 341 5
1 4143211
6 71319 5
1 7133410
2 31224 9
2 1 22510
1 81232 9
2 2323611
6 22231 9
6 71223 9
6 51422 5
6 3212911
1 1 427 6
1 1 33813
1 3233410
1 31420 9
6 31419 9
5 4132911
2 4133711
1 32331 9
6 32217 7
1 22433 9
4 31144 7
6 7123511
6 72421 9
6 8122611
4 2123310
6 7142310
6 81320 9
6 32316 6
1 1 231 9
2 2142912
2 1 231 9
6 1 22312
6 72121 7
6 21115 5
2 1 218 9
2 1 23311
6 31428 9
2 7322410
6 7342310
6 1 23612
6 32115 5
4 1 334 9
1 51234 5
2 73142 5
1 1 24013
6 3142310
4 1 33011
1 4244310
1 1 32812
1 21433 5
6 1 219 8
1 3234110
6 1 422 9
1 1 234 9
6 2232312
2 51125 5
1 8133112
6 2322610
2 6132512
6 7142611
1 81328 9
4 8133110
5 8213610
1 2113313
6 22428 9
1 31339 9
1 2233210
1 1 23113
5 2224410
6 72222 5
6 22224 9
6 21343 9
1 3143812
6 3133413
6 81225 9
6 1 32715
1 2143510
6 41315 5
5 41244 9
5 71321 9
6 31316 6
6 42116 6
5 1 427 6
2 1 224 5
6 22418 9
2 1 330 9
1 5143613
2 1 22111
6 81324 9
1 3143210
6 3112310
6 82315 5
6 3143210
1 4134411
6 1 22510
1 21235 5
6 22218 9
6 71436 5
2 61235 5
5 1 22712
6 61216 6
6 2132111
2 1 124 9
2 7234310
1 2224210
6 7132811
1 81224 9
1 1 42712
6 82224 9
2 1 234 9
2 1 32612
6 22316 6
6 21418 7
6 3232410
6 2212210
4 2213012
6 8142110
2 31339 5
6 31120 9
6 1 32910
6 3143910
1 1 23610
1 2143215
6 71315 5
2 1 327 6
4 1 13510
1 22344 6
1 6232915
6 21417 6
2 22219 5
6 8142411
6 71417 6
1 2243512
1 8133613
6 3132212
4 2134411
6 3242310
6 41133 9
1 7142312
6 4232010
6 31241 9
1 32323 9
6 51126 9
6 1 416 6
1 4313112
6 61328 5
1 21337 9
1 22137 9
5 31441 9
6 2122410
6 6232610
1 71336 9
6 82338 9
2 1 131 5
4 83238 9
2 31436 5
6 7132810
6 2233312
1 2122512
6 5142810
6 1 418 7
1 81423 5
2 2132610
6 7142913
6 3132410
6 22418 9
6 31428 9
6 41419 9
4 32235 9
6 41218 9
4 2123712
6 22116 6
2 52239 5
6 41234 9
2 22338 5
4 3213613
6 6232010
1 33423 9
2 5133211
6 72415 5
6 3122310
2 1 423 5
6 5142612
5 1 139 9
1 3233015
1 31229 5
6 1 22910
6 72225 9
1 2142812
1 81233 9
1 6133911
4 1 13615
2 21129 5
4 3124110
1 81439 9
1 1 32912
2 5142110
4 3113210
1 1 32510
6 31316 6
5 22227 5
6 1 340 9
4 1 22910
1 2134312
6 22228 5
1 3142810
2 8234111
6 2133812
6 2242310
6 1 33012
5 31136 9
6 7142010
6103320 9
1 71442 9
1 1 23311
6 1 315 5
6 22216 6
1 8233212
5 6232411
2 21139 9
1 1 14012
6 22238 9
6 81316 6
6 1 218 7
6 1 118 7
2 51243 5
6 32316 6
6 7121910
6 7142110
6 3134412
1 72326 9
6 22418 9
2 1 222 9
6 2122010
1 7133512
4 1 33211
6 82318 9
1 7143610
6 31418 7
6 4232512
1 2144212
6 71332 9
6 1 22710
2 1 32413
2 7122910
4 3133210
6 32324 9
6 7142010
6 22216 6
1 2232612
6 31216 6
6 41316 6
2 31329 6
6 42123 6
6 7143011
6 1 32510
6 2342110
1 1 23713
6 43215 5
6 3133813
2 2333911
1 4144313
1 1 34212
1 3143011
6 3142010
6 2232010
1 7312810
6 3133912
6 7111810
1 7142912
1 81331 9
6 1 13512
6 7133610
6 72318 9
4 2122910
2 1 42810
2 71343 9
6 72117 7
1 8133410
6 1 23012
1 7142410
2 72421 9
1 91334 9
1 51344 5
2 2213912
6 81216 7
2 8231910
4 4124011
6 1 12410
1 1 43110
1 22245 5
5 31126 9
6 3242611
6 71115 5
6 41419 9
6 31337 9
1 8213813
6 1 232 6
6 1 32813
6 61218 7
6 3242510
2 3143110
6 22315 5
6 82419 5
4 7132710
6 1 317 6
2 1 42212
6 7122110
1 2134212
1 2242613
2 2222511
6 21116 6
6 2222910
6 71428 9
6 4133313
6 1 322 9
6 8231910
6 31417 5
1 71232 9
4 31443 7
6 4142710
6 1 22812
6 2222612
6 3232410
6 8141910
6 21325 5
6 2242712
6 1 219 6
1 3124411
6 1 220 9
3 1 24213
1 5143812
6 22130 6
1 8134110
4 7143511
6 7133110
6 31225 5
6 81315 5
6 5222811
2 2142312
5 7212612
1 5133613
6 31315 5
1 5143210
4 4223813
1 1 14313
6 72319 9
1 3233411
6 23116 6
1 7342612
6 22217 6
6 2323312
6 3123313
6 71427 9
6 23338 9
6 22216 5
1 7244012
6 4234412
6 1 418 9
4 7124312
6 31217 6
6 1 13412
2 81232 9
6 1 318 9
1 7122710
2 3333113
6 22419 9
6 7132713
2 21232 5
6 2231810
6 81220 6
1 21232 5
1 21333 5
1 7133412
6 51234 5
1 51226 9
2 1 218 9
5 1 23610
6 31316 5
2 3232410
2 1 339 9
1 3123512
6 1 216 6
5 1 23412
2 32229 9
6 21317 7
6 1 22312
1 2142510
6 1 43410
6 2142112
6 33232 7
1 7143113
4 72238 7
2 8342010
1 8153513
6 22315 5
2 2242710
6 1 32110
6 31322 6
6 22418 7
6 62425 9
2 71227 5
4 7144210
6 2232410
6 32338 9
4 43440 9
6 1 42110
2 8132610
6 5132110
1 2123410
6 5222810
6 1 422 9
2 3243710
6 71132 9
6 43320 9
1 7122311
6 22219 7
6 71418 7
6 81232 9
6 21418 9
6 4322512
1 21344 5
6 2124210
6 22236 6
6 7211910
4 3123311
1 31141 9
6 2332110
6 3132911
6 4132210
4 3143910
6 1 217 7
1 2333010
6 41215 5
1 22334 7
6 1 53614
1 21238 9
6 42417 7
6 72415 5
4 1 340 9
6 7222011
6 31116 5
1 1 43613
6 2322110
2 2223310
6 2132710
6 7132110
6 31215 5
4 71441 9
2 71421 7
6 72340 9
2 22242 5
6 33116 6
6 1 115 5
6 1 32110
6 1 216 6
6 4123311
2 1 222 9
5 31437 9
4 1 339 9
1 2134311
1 1 33612
1 1 325 9
2 3142410
6 31242 9
1 2124210
6 4132713
9 9833010
1 3124012
6 21915 5
6 1 22911
6 71215 5
6 1 315 5
3 1 34212
1 4222614
1 4134412
6 4142010
6 82319 9
6 41142 9
2 31239 6
1 81328 9
6 71420 9
6 31419 9
2 2113610
1 4142612
6 71428 9
1 5113611
1 1 23513
5 1 236 9
6 1 319 9
4 2223610
6 81218 9
6 3143110
1 32337 9
6 22323 6
6 82231 9
6 72115 5
1 8133713
1 7142512
1 9134112
2 22318 9
5 3124210
6 1 317 9
2 1 227 9
6 81315 5
6 1 22010
6 72217 6
2 32230 9
1 21444 9
1 21120 9
1 1 232 9
6 32316 6
1 71329 9
4 2134010
6 21322 9
2 1 32911
2 1 321 9
2101321 9
6 71132 5
6 1 22210
2 2142512
1 2123310
2 22419 9
6 72316 6
4 2123410
1 3144312
6 7143411
6 1 236 9
1 2143910
1 32234 9
6 71228 7
6 81433 9
6 51316 5
4 8143512
1 4123312
1 2233112
6 41221 5
2 1 226 9
1 31337 5
2 7222210
6 73219 9
6 32415 5
2 43420 9
5 22442 5
6 22422 9
6 3133410
6 23316 5
2 61418 5
6 1 336 9
6 1 13412
6 73418 7
6 63415 6
2 41319 9
2 7342311
1 8132410
1 4234111
2 83137 9
6 22324 9
2 1 325 9
6 22424 7
2 3132812
6 81415 5
6 52418 9
1 1 32612
4 7232610
6 72418 7
1 1 23212
6 1 21910
6 51220 9
6 72115 5
4 51226 9
6 41316 6
2 2222610
2 6232510
1 1 431 9
6 1 317 7
2 3222410
6 21419 9
1 8233411
1 2133610
6 7131810
6 2333512
1 3134013
1 2133412
6 1 32510
6 1 417 7
1 2223913
1 1 32710
6 1 316 5
2 2243211
6 2122110
1 4243512
1 3133212
6 3141910
1 1 33912
1 3232612
1 1 24410
6 1 42312
1 32440 9
2 3122410
4 5223213
6 1 42311
2 7122710
5 4212510
2 5142110
6 22230 9
1 3143212
6 2242910
4 3134410
6 2123410
6 72316 5
2 31424 9
6 1 315 5
2 71244 5
6 32320 9
1 1 243 9
6 71322 9
6 52325 9
1 72326 9
6 7143012
2 4242110
1 21340 9
6 32222 9
6 51216 6
6 21117 6
1 6134011
6 3143310
1 1 43312
6 23323 9
6 3142111
1 22228 9
6 1 32512
1 3232610
1 7232510
6 3132412
1 71327 9
110113310
2 1 126 9
6 1 12110
1 4233913
6 3124410
6 3142412
6 22415 6
4 3144411
6 82317 9
2 1 219 9
1 7233310
6 31431 9
1 8133314
1 7123110
6 22116 5
6 31115 5
1 21242 5
6 71415 5
6 22328 9
6 2222212
6 71419 9
1 7133612
6 31327 9
1 2232912
6 2222110
6 21141 9
6 72118 7
6 31134 9
6 53232 9
2 1 14011
1 7142912
2 7232910
6 71318 5
6 42127 6
1 1 320 9
1 2144115
2 2233812
1 3143610
2 3132611
6 32415 5
6 1 22913
6 1 316 6
1 22133 5
6 7242010
1 2133312
1 21332 5
1 8132614
1 2244411
6 72217 6
1 8233814
6 23334 9
5 3134410
6 31127 9
5 22339 9
5 7223110
6 7132910
6 1 217 7
6 81117 7
4 1 32910
6 81220 9
1 32236 5
6 3112210
6 22320 9
6 71315 5
5 8233313
5 2143010
4 4213411
1 2133212
1 3243712
6 3214012
1 71439 5
2 6234011
6 81416 6
6 1 24212
6 4134213
1 1 32611
6 21141 5
1 3143313
5 2134215
6 7131910
1 5143612
1 72126 9
1 3323312
6 3141910
1 3142612
6 3132310
6 4233110
6 5131911
1 71430 9
6 1 14212
6 72415 5
6 8142010
2 5143011
2 3122512
2 61232 5
6 1 41910
6 6122010
6 5142310
6 8222411
2 1 12812
6 23236 9
1 1 43210
2 51323 5
6 31344 7
6 22316 5
6 1 516 5
6 21423 9
6 72315 5
6 1 22212
4 7134413
1 5133611
6 7132612
2 7242212
1 2232912
2 4333010
6 22318 8
6 22233 9
6 71440 6
6 81315 5
1 3144011
6 3122710
6 1 317 7
1 71119 7
2 2222511
6 71217 7
6 82118 9
4 21437 9
1 4144112
1 3143612
1 32341 9
6 1 32010
6 31232 9
1 4243610
6 22326 5
4 3133610
2 22320 7
3 6123910
6 81317 6
1 21231 7
6 1 233 9
6 41229 9
6 7223314
1 3144214
6 21326 9
2 1 236 9
1 1 322 9
6 21115 5
5 21329 9
6 51220 9
2 2232211
1 31338 9
6 32315 5
1 21335 5
6 3122210
2 72321 5
6 21318 9
6 31216 6
2 1 127 9
1 6133512
6 7243012
5 51135 5
6 2121910
2 31143 9
1 3134410
1 3134213
1 5124315
2 1 140 5
4 3143111
2 1 42110
2 1 126 9
4 1 23612
4 72334 9
6 22319 9
1 3143110
1 71438 9
6 82344 9
6 1 418 9
1 71432 7
6 31218 9
6 1 325 9
1 1 442 6
1 1 22310
1 8242912
1 2133810
6 22316 5
1 1 238 9
1 4144010
1 2142012
1 8142111
1 8123013
1 1 22412
6 2232311
6 21316 5
1 8343413
1 5143212
6 1 221 5
6 71419 9
6 1 13012
6 7223812
1 7243210
1 21337 5
1 3242910
6 1 423 9
6 23318 6
2 6222810
2 2232011
6 32317 7
1 32444 9
2 4222110
6 3134312
6 3222610
6 3142110
1 4133113
1 7133212
1 1 32511
2 22131 5
6 81323 9
1 1 33912
6 8211910
1 1 23312
6 2122611
1 2142713
6 81334 7
4 3232810
6 71416 6
6 2132211
1 31231 9
1 72223 5
6 1 231 9
1 7212210
6 41337 9
6 31136 6
6 62218 9
4 21239 9
6 21316 6
1 1 42511
6 22122 5
6 1 32511
1 2223212
6 71416 6
2 71121 5
5 8223810
4 21234 9
4 3133910
2 1 319 9
2 3224412
1 22341 9
1 21243 6
1 5143010
6 2242111
4 21332 9
6 81218 7
2 1 324 9
6 41122 7
1 1 13710
1 21340 8
6 72430 9
2 2233712
6 21216 5
2 1 32210
1 21333 6
6 1 228 5
4 32237 6
6 1 315 5
6 1 22212
6 71423 7
6 41317 7
1 1 13710
6 32216 5
6 51440 9
1 7133514
6 22115 5
6 81215 5
6 22219 9
6 4242110
5 2232812
1 7143712
2 1 12010
1 2233612
4 2313712
1 6144411
6 8313710
1 1 33010
6 7133413
6 4143312
1 3133910
6 1 416 5
1 21335 9
2 5223010
4 4234211
6 53225 7
1 8123711
2 21223 9
2 6232513
1 51442 9
1 1 232 5
1 1 136 9
1 1 137 9
6 31316 5
1 7142610
6 1 327 9
1 2224215
6 31227 7
6 3233413
6 81423 6
1 1 143 9
1 3133912
4 2244210
6 1 221 7
2 1 322 9
1 8132812
6 1 12511
6 1 32513
1 4244013
1 1 338 9
1 2333413
2 4113310
6 1 217 7
1 81339 9
6 71418 7
1 2143311
1 4243210
1 51436 9
6 4213413
6 7232611
1 7144210
1 1 324 9
4 71133 9
4 2133214
5 2323610
2 3132710
1 8243712
1 4242810
6 1 42110
2 1 22310
2 6142510
4 51434 9
4 21428 9
1 4144213
1 7142910
1 2122712
6 1 22710
2 73227 9
6 21139 9
6 7112010
6 32222 9
2 1 138 7
6 5134110
1 3134312
6 31421 9
1 3133011
2 4323012
4 3123312
6 2222411
1 2234013
1 1 329 9
4 1 13210
4 2134212
1 32335 9
2 71324 9
1 1 43712
1 31127 9
2 31227 9
6 4132010
1 2123211
1 32430 9
1 4123713
6 83239 8
2 7232010
1 2134313
6 62418 7
6 71420 9
5 4133810
6 7112211
6 3222612
6 71115 5
2 82228 6
6 2222512
1 4242912
6 6141910
6 2234010
6 3124411
6 1 13210
6 8142812
6 31340 5
1 22234 5
6 23417 7
1 3142811
6 61116 6
6 22318 9
1 22441 9
1 1 32110
2 22229 6
1 1 42810
6 71415 5
6 7232110
1 4143710
6 1 23412
4 1 22711
2 21230 5
6 41236 9
3 1 33013
6 31317 7
6 43423 9
6 8141910
6 4144313
4 7113312
1 4143812
1 1 33010
4 22134 9
1 7133510
6 22316 5
6 82431 9
6 7142612
6 31419 9
6 4252411
5 52133 9
6 8123410
1 1 438 9
6 1 215 5
2 22319 7
4 1 430 7
6 32418 9
1 72443 9
6 7212210
1 5342310
5 22334 9
6 31216 6
2 82327 9
4 31138 9
6 2141910
2 2332111
1 8132512
6 1 320 6
6 62324 9
2 1 142 9
1 1 241 9
4 8133611
6 72216 5
1 1 24010
6 3132110
6 1 319 9
6 1 419 9
6 1 41810
2 1 33110
6 3142512
1 51343 9
6 41330 9
6 41141 9
1 1 242 9
1 8133010
6 3132311
6 1 22810
6 21217 6
1 2144112
1 21133 5
2 1 129 5
1 2232210
6 82218 9
1 71318 9
6 52316 5
6 61218 9
1 2133110
4 71435 9
6 1 120 6
4 3124012
1 2124011
6 21115 5
2 31217 7
1 5142412
1 3122813
6 21115 5
1 8142912
2 21129 5
5 2133412
6 8142911
2 1 22710
6 31317 5
6 2222410
1 1 34212
1 71438 9
6 32416 6
1 31334 9
6 1 230 7
6 6232413
6 31217 5
2 2332712
6 1 315 5
2 8122810
6 23226 9
1 21441 5
6 51436 9
5 31133 9
6 21315 5
6 3142710
6 1 116 6
2 3242610
6 1 116 6
1 7134010
4 71434 9
6 23322 5
6 71218 7
6 1 118 9
1 8244112
2 31238 9
2 7133010
2 72141 9
6 2232610
2 72417 7
2 22328 9
1 32426 9
4 1 32412
1 2144012
1 1 34310
2 3221910
3 3134110
1 1 420 7
6 21216 5
6 22437 9
6 2222311
6 5132010
2 3124313
6 31430 9
1 2234112
4 72232 9
1 4144312
6 1 231 9
4 3143613
1 3133010
2 51124 9
6 41120 9
6 5244112
4 7114310
2 4222511
6 1 23012
6 3143910
2 2223310
6 1 22710
1 22334 9
6 72223 9
1 4134013
6 21218 9
6 22432 9
6 71318 7
2 71129 5
1 7133310
2 32129 9
6 1 215 5
6 6122312
4 21235 9
1 8234213
1 7132110
1 3233113
1 8122610
1 1 24313
1 51240 9
6 72119 9
6 7123510
6 32115 5
6 82216 6
1 62233 9
6 63319 9
4 5223311
6 2233611
1 1 22713
6 8222312
1 2143513
4 4144212
4 51330 9
1 7233810
1 2122810
1 1 33910
2 8322210
1 72334 9
6 4221810
6 62328 5
4 3144412
6 2322512
6 8132612
1 8124012
6 31416 5
1 32231 9
6 1 22110
6 51419 9
6 22418 7
1 1 234 9
5 21322 7
6 7122110
6 6113712
1 2242610
2 1 32411
6 7141910
1 71243 9
4 2233210
6 1 31910
4 7133511
6 1 34011
6 4233513
1 2233813
1 71428 9
1 2243613
5 22326 5
6 5131910
6 31143 7
6 3133111
6 1 429 9
6 8132610
2 31320 5
6 22317 7
1 81333 9
1 21438 5
2 7133011
2 3232011
6 32233 9
1 1 326 9
1 82328 9
4 8332110
1 2144212
1 3234211
1 8144013
1 22427 9
6 2213010
6 72315 5
4 7222710
1 2143110
6 61332 9
1 3143910
6 51419 9
6 4142710
6 2132912
6 71217 9
1 22328 9
1 7134313
1 7142410
2 1 419 9
6 2212110
6 4233710
6 31122 9
6 1 42110
1 7143611
6 1 128 5
6 6133513
2 33227 7
6 7132612
5 6223010
6 1 22010
1 2324114
6 41319 9
6 72315 5
1 2133012
6 4222510
6 31315 5
1 72332 9
1 3144213
6 3232910
1 4243310
1 72241 9
5 22235 9
1 41340 9
1 7123010
4 2234311
1 1 229 9
1 2144312
6 22219 9
1 3224212
1 8143612
1 2323813
6 31231 9
6 3123610
2 7234311
6 3231910
5 3224111
1 4232912
5 31244 9
6 71217 6
6 72217 6
4 5143610
1 2133510
1 2124013
6 2242310
4 81223 9
6 22327 9
1 2143610
6 1 23510
2 2222010
6 1 223 9
6 22436 9
4 3124013
2 2242710
5 72421 9
6 31216 5
6 32318 7
1 2334311
6 3233310
4 2114410
6 8122715
6 41417 6
1 1 43713
6 31418 7
6 4132412
2 31126 9
1 41236 9
1 81244 6
6 82328 9
2 31327 9
6 1 12110
6 72215 5
6 2224411
6 31417 7
1 71437 9
2 5152510
2 22123 7
2 21321 7
1 7222710
6 21316 6
6 1 24013
2 7122110
1 1 33711
6 31119 9
1 1 334 9
5 7122810
1 7114312
1 8133411
6 73332 5
6 72219 9
6 71421 7
1 31330 7
1 61228 5
2 2124012
2 22332 6
6 72216 6
1 4244312
4 3122910
1 1 24312
6 6134012
6 61335 7
1 2112912
1 71343 9
4 22330 9
1 7234212
1 22121 9
5 81236 6
5 6144110
2 42122 9
6 1 319 9
6 8142012
6 51220 7
6 61326 9
1 22226 9
1 4134010
6 5133010
6 8212210
3 51444 7
4 2213710
1 7223111
6 32417 6
4 21139 5
6 2242510
6 1 32712
1 2143212
6 1 12811
1 7132612
4 32328 9
6 32237 9
1 7222910
6 3133210
4 2243212
1 41137 9
6102117 6
1 8343211
6 2232312
4 7143411
2 1 12810
1 6143112
6 71430 5
1 1 32710
6 81135 9
6 2232110
4 7144013
6 21124 6
1 3123910
2 31134 9
1 41421 9
1 31433 6
1 1 43210
1 81426 9
1 71331 9
6 32218 9
4 7234311
1 22128 9
1 2143813
1 81132 9
6 32320 5
1 32217 7
2 1 337 5
6 1 32511
6 51426 5
4 5224412
6 43418 7
5 3133613
6 7244210
5 7233810
6 7143413
1 1 13112
4 8214210
1 42335 9
1 3124212
6 1 219 9
4 7123710
5 2112610
6 3113010
6 1 315 5
6 21315 5
6 2132110
1 8142410
6 1 221 9
1 1 32212
6 23420 9
6 32319 9
4 1 22610
2 81225 5
1 81229 5
6 21224 9
6 21221 9
6 31327 5
6 2132010
6 1 317 7
6 1 52110
2 2322411
6 1 33610
1 8113010
6 8213212
5 81140 9
2 3142110
6 71342 9
6 51337 9
2 21341 9
4 3134010
1 72421 9
6 62315 5
1 1 12410
6 1 23211
1 7133312
6 5144012
6 21417 8
1 5143011
6 4222412
1 71336 9
1 1 333 6
1 7142211
6 71415 5
1 1 433 9
1 2232610
4 51239 7
6 5132612
6 1 24112
2 1 335 5
1 1 33011
2 4333310
6 1 236 9
1 42222 9
2 4142412
1 7333410
6 4341810
1 8232912
6 2142010
1 3141910
6 72317 6
6 3142913
2 4222712
6 2143812
6 2142110
5 2132410
4 4124210
4 3133412
4 5133111
2 73326 6
1 2143213
6 41424 9
1 2242910
1 31336 9
1 7233010
5 7223210
6 1 32312
6 7232512
1 7142510
6 81315 5
6 7142412
1 1 42710
4 23140 9
6 3232110
6 1 318 9
6 1 22710
6 1 43311
1 2223911
2 71322 9
1 2223912
1 2143510
6 1 23612
5 3223210
6 1 22710
1 22239 9
1 6143711
3 2134410
1 51341 9
6 72424 9
6 8124012
1 7142411
6 51316 5
6 22319 7
1 1 42710
1 51427 5
1 8333811
2 1 229 5
6 21222 9
2 32220 9
5 21241 9
1 1 34313
4 4124212
1 8143210
6 31130 9
6 7122810
6102133 5
2 7222310
1 72425 9
1 1 23713
1 1 434 9
6 31317 9
4 23143 9
4 5123410
2 1 12711
6 1 219 8
6 3131910
2 22323 9
6 8142711
1 6323610
1 31436 9
6 71318 9
1 8133410
1 3144215
2 72223 9
2 51122 5
1 4243110
6 8133110
1 2133913
2 1 341 5
6 21416 6
1 32330 9
1 32336 9
5 71327 9
1 7134210
4 41143 9
6 6132712
6 42216 6
2 7242910
1 1 243 8
1 5143610
5 51340 9
6 8233914
1 2234110
2 1 235 9
6 3132912
1 7142610
4 31231 9
4 7133011
1 2332712
6 1 122 9
6 3142310
6 1 324 9
6 82219 7
6 21218 7
6 8132412
2 4322512
1 2144111
6 3132611
5 51438 5
4 1 23010
6 1 335 9
6 32321 6
1 7143011
5 31126 8
6 1 31910
2 1 33514
1 1 328 9
6 81232 6
1 7233212
1 8134311
1 1 138 9
1 4143813
5 1 331 5
2 71417 5
1 72420 9
2 21240 9
6 4143111
6 81318 6
6 32121 9
1 1 32913
5 32243 9
6 71331 9
1 5132411
1 8132812
6 7342410
1 7114010
6 51328 9
6 31215 5
1 61239 5
6 8141910
2 1 233 9
1 7232711
1 8242910
1 2134412
1 72129 7
6 71232 6
2 22220 9
1 4222912
4 7133010
1 71425 9
1 2142512
1 2233012
2 1 232 7
2 1 42612
6 31226 5
6 71315 5
6 31226 9
6 31127 9
6 31419 9
1 72328 5
6 1 22910
1 2133910
6 1 31910
6 3142110
1 4133412
4 71136 5
1 72226 6
1 8333311
6 3123410
6 2222410
6 8332512
6 31233 9
1 2133113
610 217 6
6 2132512
5 32225 9
6 1 32312
2 21232 6
6 7142810
2 2222715
1 5133410
1 71324 6
6 71220 9
1 4134015
6 32217 7
1 31222 6
6 31423 9
1 4244113
1 42426 9
4 1 32911
6 31327 9
1 81424 9
2 1 93515
1 4313912
6 22132 5
6 1 124 9
6 72220 9
4 3223111
1 7233513
6 5241910
2 22128 5
1 2233912
1 63232 6
6 7243810
1 1 13212
6 32216 5
6 1 219 9
6 22217 5
1 7124112
6 22315 6
5 8133713
2 1 427 9
6 3142510
5 22229 9
6 4143212
4 81338 9
6 72316 6
6 22215 6
1 6134311
4 1 234 9
4 1 23010
2 6242110
2 1 319 7
2 21229 5
6 7212711
6 31243 9
1 31130 9
5 3133410
1 5132810
6 72318 9
6 1 427 9
6 3132410
6 7142110
6 2332511
6 7223511
1 8243512
6 51216 5
6 1 11810
1 7222612
1 71444 7
6 22321 7
1 2233810
6 2132410
6 2122610
5 3233610
6 81436 7
6 22216 6
6 32227 9
2 7222310
4 1 230 5
6 21215 5
1 1 22912
1 7114111
1 8242010
1 3144212
1 21233 9
6 72219 9
6 72418 9
6 1 428 9
6 8142210
1 1 42910
2 5123512
6 3222611
2 7142210
2 51122 9
6 72328 9
1 23342 9
1 7124313
6 31417 7
6 73119 9
2 2224210
6 22241 5
1 21334 5
6 3212310
2 1 241 9
6 31316 5
1 31437 9
1 4144113
5 1 333 9
1 51223 7
1 41327 9
6 5142510
1 51238 9
1 2223212
6 1 32110
1 8133512
6 6242610
6 1 219 9
6 1 417 7
1 8223415
6 1 42210
6 31241 9
6 3223812
5 7212810
6 2232111
6 71116 6
4 71444 9
1 43326 9
6 62317 7
6 22225 9
2 31129 9
2 1 425 6
6 81423 5
6 51316 5
1 21238 9
1 41236 9
5 1 13910
4 3234010
6 2232010
4 3124411
6 31421 8
6 22317 7
6 1 427 7
6 81220 9
1 1 32612
1 22332 9
6 72328 9
2 31223 9
1 31439 9
6 31429 7
1 51431 9
6 71425 9
1 4123810
1 7212712
6 8132911
6 1 232 9
6 73319 9
1 2123513
1 5133512
6 81315 5
6 32326 9
1 21132 8
6 3233110
6 4232211
1 22217 5
1 8323410
6 7141910
6 71417 9
6 72518 6
6 8343513
1 22225 5
6 3232410
1 22329 9
1 1 33312
2 3222910
6 2222010
1 1 139 7
6 1 222 9
6 1 218 7
6 71418 9
1 8242812
1 22230 9
6 81322 5
6 72121 9
2 22324 8
1 1 34410
1 22341 9
2 51230 9
6 41121 9
6 21319 9
6 31331 9
1 8142511
2 71230 6
1 7313410
6 61217 7
6 1 215 5
2 23423 6
6 1 415 5
6 1 42312
5 31438 9
6 1 33313
2 22425 9
6 3242910
6 5232110
1 51334 8
6 4243212
1 7133510
1 51436 5
5 1 221 9
6 61333 9
6 7232010
6 3112310
1 8132410
4 7113810
6 1 215 5
1 6142312
2 2242715
4 1 14113
4 4143010
6 42317 6
6 72319 9
2 3212912
6 1 22313
5 1 232 9
2 1 32110
6 83318 7
6 3133912
3 1 241 5
1 5142210
6 82315 5
1 6123010
1 21335 5
6 4242512
6 1 423 9
6 31429 9
6 6233612
5 1 232 9
6 1 23412
2 51422 9
6 4142010
6 1 339 9
6 8132110
6 5142010
1 1 226 9
6 2144111
4 31339 5
1 2143912
1 1 34110
2 1 32111
1 3232510
1 1 23811
6 1 22910
6 43221 9
1 1 43412
6 2322510
2 1 327 9
6 1 118 9
2 3214412
1 2223112
6 7222711
6 31130 9
1 2134312
6 23316 6
6 31242 9
6 1 316 7
6 22315 5
4 3113311
6 41317 7
6 1 218 9
6 32416 7
6 1 337 9
6 3114410
6 2212910
1 1 22610
2 1 243 9
1 2122812
1 51422 9
6 1 41910
1 2143913
6 31429 9
2 71421 9
6 31315 5
1 1 53614
6 71315 5
1 71430 9
1 4124211
1 2144312
6 61431 7
1 81334 9
1 2242110
6 6121910
6 1 42110
6 31219 9
4 71231 9
6 81316 6
2 7232210
2 1 340 9
6 1 12414
6 31419 9
6 3243311
6 51331 9
6 32219 9
2 71424 9
6 22115 5
6 71318 9
6 3224212
1 1 34011
6 21318 9
1 7144412
6 22215 5
2 1 236 7
2 42337 9
1 2223710
6 41316 6
6 4232010
6 2132310
1 21238 5
6 1 42712
6 7134212
2 31231 9
6 7142412
6 3122010
1 71440 7
2 22233 9
1 1 423 9
6 2121910
6 31429 9
6 4143512
4 3124412
1 51426 9
1 3233110
1 1 33512
6 1 318 9
1 7143112
6 22215 5
6 62336 9
2 7134210
1 2244213
1 4333813
1 71431 9
1 1 24213
2 32422 6
2 21123 7
6 3134310
6 1 219 7
6 1 215 5
6 31235 9
1 72142 9
2 71423 9
6 7142110
5 31341 9
2 7142110
6 3112810
4 5244310
6 2333015
1 8123510
4 1 33611
6 22220 5
6 32429 9
6 51216 6
1 7132010
6 72216 6
6 1 332 9
6 8141910
5 51237 5
1 7133912
2 22122 9
1 21436 6
6 2142814
1 7334310
6 22318 7
6 4232110
1 3134113
2 3132412
1 3134010
6 1 216 6
1 2333713
1 3153711
4 31339 9
1 7143410
6 1 216 6
2 71426 5
4 41142 9
6 71123 7
6 3123012
6 2232610
1 4334312
6 1 420 9
6 31331 9
6 43319 9
6 2322212
1 7132713
1 71440 9
1 7124010
2 23424 9
6 7242810
1 7243613
1 1 340 9
6 1 32512
6 1 122 9
6 32215 5
1 7133011
6 31141 9
2 2322110
2 2233012
1 1 43411
1 8143712
6 8122110
1 3143213
6 31119 9
6 21315 5
1 31131 7
1 1 33110
6 21316 7
1 8123110
1 31235 9
1 1 44010
4 1 24110
1 31126 5
1 4244010
4 1 322 7
2 52338 9
6 41230 7
1 72424 9
1 7142611
4 1 24213
4 51441 9
6 81315 5
6 7222812
1 1 34012
6 31317 7
6 42336 9
1 4133111
6 2122310
5 1 226 5
1 2143513
6 31426 9
6 31338 9
6 23225 9
1 2132811
1 31429 9
3 2124310
6 2132111
2 1 32110
1 21329 5
2 72323 9
2 7232211
1 7144110
1 42230 9
1 7132511
6 7132612
1 4133713
6 4232713
6 51420 9
6 3113011
1 1 33312
2 1 32210
6 22125 9
1 1 23513
6 1 42412
6 31444 9
6 32215 5
6 1 118 9
6 1 32410
6 1 418 5
6 1 32512
1 31341 8
1 7242011
1 1 44013
1 2233912
5 2242812
1 2124212
1 21330 9
6 4121910
6 51329 9
6 21117 6
1 71230 9
2 2221910
1 2124011
2 2221910
6 1 43013
1 71435 9
1 1 22310
1 7133711
2 33429 9
6101315 5
1 7143511
6 71341 9
2 2242612
4 81239 9
6 8133713
1 62326 9
6 2132312
1 1 34010
2 1 42911
2 21428 9
1 82330 9
6 6141910
1 73424 9
6 82416 5
6 32230 9
6 31319 9
1 2333810
1 2232111
6 1 34113
2 2132612
2 1 121 9
2 22119 9
6 22216 5
6 2221910
6 31339 9
1 4124113
1 71428 9
6 1 32210
6 22215 5
6 71415 5
1 7223010
6 72231 9
1 1 43010
6 22119 9
1 4343214
1 21235 9
1 21223 9
1 21128 9
2 22243 5
6 3133912
6 7133110
5 4223412
1 4223910
6 61232 9
6 3124113
6 51140 7
4 42243 9
1 51341 9
6 3142412
6 8144212
1 21433 9
6 22219 9
6 22218 9
6 23115 5
1 6233811
2 31222 9
1 3143812
2 1 32510
1 3224414
6 72219 6
6 3123310
6 2141910
2 62338 7
1 51433 5
4 1 329 9
6 8242010
6 1 42710
1 7242312
2 5134411
6 71416 6
6 1 218 9
6 1 32410
1 1 14311
6 1 215 5
1 8122210
4 5123412
1 7143811
6 8142711
6 7132910
6 21342 9
6 4142110
1 51438 5
6 4122412
6 52415 5
6 72424 9
6 42321 9
1 1 33513
6 7243210
1 2143312
6 8144113
2 41222 7
6 1 227 9
1 3242911
6 5133812
1 21234 5
1 51230 5
2 22424 9
1 7143012
2 51126 5
6 4213912
1 3123410
6 71316 6
6 7143310
1 5143710
2 1 12110
6 1 416 6
6 2133713
1 71321 9
1 5133512
6 7232912
6 21117 6
6 21318 9
6 31315 5
1 8142312
6 4224313
1 2113412
6 1 42410
4 1 427 9
6 2242811
6 5142410
5 72322 9
6 72317 6
4 3113910
1 7143010
1 81340 9
6 21416 6
6 2134210
6 23218 7
6 1 425 9
6 1 43311
6 1 32910
6 72118 7
4 5243211
6 22317 7
1 2244213
1 7143111
6 5142811
1 1 33713
1 21131 5
2 1 242 5
2 1 12610
4 72131 8
1 22443 9
6 3212110
6 8333713
1 1 42111
6 7232110
5 21123 5
6 1 24313
1 31343 9
6 71428 9
6 2221910
1 1 240 9
6 21231 9
1 2144313
6 5132112
6 22216 6
6 3132610
2 1 135 9
1 8142812
6 1 22210
6 32124 9
1 3123410
6 3143211
6 81331 9
6 72319 9
6 1 318 9
1 7243312
1 7132911
3 32140 5
6 31333 9
1 2243910
6 31327 9
6 21315 5
6 4143913
2 81243 9
6 21418 9
6 2243510
1 31542 9
1 1 24410
6 31315 5
6 1 32813
5 1 423 5
6 22417 7
2 6142713
2 1 344 9
6 21324 5
1 7134113
1 2243210
6 32320 7
1 8122613
6 1 22110
2 1 239 9
1 8133613
6 2334312
1 21222 9
6 3112110
1 3133312
6 23218 9
6 1 439 9
6 1 218 9
4 7133710
2 1 427 7
1 3124413
6 21123 9
6 1 137 9
4 3134312
2 31139 5
6 21317 9
6 22217 7
1 71239 9
6 23123 6
1 71144 9
6 32126 5
2 21319 9
1 82336 9
6 32317 7
6 1 33113
6 6143510
2 2242812
6 22218 9
4 81339 9
6 1 12911
6 1 417 5
6 71415 5
6 7123410
1 1 233 9
4 7133910
6 2132111
6 23117 6
6 21335 5
2 1 33210
1 7144313
6 4132210
1 31233 5
6 81316 6
1 71439 9
6 6141910
1 7113113
6 1 423 9
6 1 22010
2 22123 9
1 8233712
1 8214012
6 71421 9
2 7222010
6 33342 9
1 3133510
1 4134114
1 7133910
6 3142511
4 6213010
1 2242912
1 7142612
2 3232310
1 8232812
2 71219 8
6 1 221 9
2 2134011
1 3123813
4 7122810
1 8323013
5 71321 7
1 3142610
6 2134312
2 7142710
6 2142210
1 32241 9
6 1 127 5
4 7143810
5 8223712
6 1 22310
5 8113112
1 1 33412
2 2232512
6 3222110
1 4313311
6 1 316 5
1 71423 9
2 2213710
4 1 24010
6 1 324 9
2 1 42912
1 7142813
6 1 236 9
6 3112310
1 71220 9
6 32316 6
2 22322 9
6 3132710
6 22215 6
6 1 318 5
6 31243 9
1 5123313
6 3133112
4 3144113
6 2141810
6 2223713
6 9 319 6
1 22128 6
2 8243410
1 62437 9
1 2144310
6 23129 9
6 31215 5
1 7343310
1 2134311
1 7232612
6 3132110
1 7123410
6 1 216 6
6 8112212
6 31427 9
4 1 14410
6 8122411
6 4142810
1 8143914
1 2143513
6 1 340 7
6 32434 9
6 81317 7
6 1 12511
6 71221 9
6 72216 5
1 8123910
6 33224 9
6 51316 6
6 22217 9
6 31216 6
6 82315 5
6 41322 9
5 51427 5
2 3222211
6 7133310
1 7143015
1 5132510
2 8122512
6 1 43310
6 4142811
2 41229 7
6 22417 6
6 31127 9
6 2231910
1 31332 5
1 1 33113
6 32318 9
1 7132510
1 7134010
5 1 32411
1 21326 9
6 7142312
5 72333 9
1 8134312
4 7234012
6 1 42410
4 7143210
1 71331 9
1 21229 9
6 3143310
1 71431 9
2 22328 9
6 1 33013
6 3142510
2 1 132 5
5 22424 9
4 61329 9
6 3114212
1 2213312
6 82315 5
6 72416 7
1 21131 5
6 31316 6
6 3122510
1 1 131 5
6 22237 9
6 1 23310
2 42230 9
6 22216 6
6 1 139 9
6 1 436 9
1 32331 6
6 21322 9
6 7242210
1 7243210
6 42215 5
5 7223810
1 32242 7
6 1 417 5
6 1 222 9
6 21121 9
6 2124413
1 1 42510
6 1 42910
6 1 32910
4 4114313
1 4142811
6 2122010
1 51326 9
1 2224312
6 4222010
6 72315 5
1 1 340 9
6 1 23014
2 1 435 9
1 8223212
1 31341 7
2 7222810
6 8322512
1 42428 9
6 1 216 6
2 2212711
6 3143112
4 51331 9
1 6222911
6 1 23111
2 2232210
1 1 23011
6 31416 6
6 3232912
2103123 9
4 4244312
6 7133712
1 3132711
4 2233710
5 53330 6
1 7133213
1 52444 9
6 3112010
1 4134311
6 41317 5
1 72331 9
1 42443 9
1 1 13912
1 7224410
6 3142410
6 33126 9
2 32333 9
4 2113210
1 2113110
2 32425 7
6 82318 9
2 31144 7
1 3233611
4 1 12710
6 1 416 6
1 2233012
6 1 237 9
6 52317 6
6 32120 7
1 2233511
2 2322612
6 72315 5
2 72242 5
6 7231810
6 32418 7
1 22330 6
1 8143112
6 2232210
6 1 117 7
1 7143413
1 21330 8
6 31116 6
6 71217 9
6 8212810
4 2133810
6 21230 9
6 42420 9
1 7143412
4 7144410
6 1 12615
1 2123711
2 3133513
6 22215 5
4 81339 9
1 3224411
6 7222411
4 3142710
6 1 417 7
6 31343 9
2 42229 9
1 81341 9
4 32328 9
6 32315 5
6 31416 6
2 3233510
5 22132 5
4 4143713
1 6243412
6 8323513
6 41220 9
6 41241 9
2 1 32612
6 51424 9
1 3133812
5 2233912
6 32219 9
4 7342410
6 71417 9
6 61322 9
1 71337 9
2 62223 9
5 51331 9
2 51232 9
1 32126 9
6 21116 5
1 2243810
6 1 122 7
2 2113411
5 1 32810
1 71429 6
6 8232312
4 3144012
1 7143115
6 2221910
6 3232512
4 7233610
2 2242310
1 21431 9
6 2341910
5 31143 9
6 41139 9
6 1 117 9
6 7132612
1 1 14010
6 72416 6
1 2324313
1 1 23810
4 8343612
4 31225 7
2 3122010
6 81419 9
6 82315 5
1 1 24114
6 1 330 7
6 1 12410
6 1 321 9
6 22217 7
2 1 23210
1 5143213
5 3132110
1 7322610
6 31122 9
6 72326 9
2 32322 7
1 3142611
6 71216 5
1 21244 9
6 21227 6
1 2223313
6 31219 5
1 1 33010
1 2244011
2 22220 6
5 4224010
6 81117 7
2 21216 5
1 2142311
6 71233 5
1 61441 9
6 2212210
2 33334 7
6 2342110
4 71440 5
6 7243510
6 1 220 9
1 6132710
2 1 422 9
2 21224 5
5 23229 6
6 1 322 9
1 8143110
2 1 43112
4 1 23512
6 52317 9
6 52318 9
6 31419 9
6 32418 9
1 51442 9
6 81317 7
1 8113512
1 4133512
1 4143012
1 4123613
1 3142611
1 4143312
2 7223511
6 21216 5
6 82316 7
6 1 134 9
1 7124113
2 22228 9
1 8142412
1 8124110
6 22322 6
6 1 32412
1 8143712
4 31443 9
1 21130 5
2 31431 7
1 21225 9
1 7224212
6 1 128 9
2 7133412
1 2142712
2 4132711
1 8133512
1 4324210
1 32343 5
6 31415 5
1 7224313
1 22133 9
6 3132310
6 22324 5
1 22237 9
6 8124413
6 3232813
1 6132910
2 1 319 9
2 71219 5
6 72116 9
6 1 13010
1 5244312
1 43421 9
6 2132812
2 1 32512
6 4132910
6 61232 9
1 71227 9
1 22427 9
1 22435 9
1 61425 5
6 71233 9
2 22233 5
2 1 22311
6 6133313
6 3223112
6 71215 5
1 21323 7
6 1 317 9
2 1 32910
6 1 223 9
1 2143913
1 1 128 7
2 7222510
2 21241 5
1 1 225 9
6 2112110
1 32322 9
1 21234 5
2 6143211
1 4142812
6 1 327 9
1 1 34412
6 62326 5
4 7123410
2 2142510
6 31119 9
2 31140 9
1 1 23614
1 22228 9
1 1 33512
6 31133 6
1 3122611
2 1 320 6
1 21441 5
1 1 13810
2 21234 5
2 31226 9
1 22235 5
6 43217 7
1 42327 9
1 7143712
6 2142311
6 2242412
6 82120 9
6 5333513
1 7242710
6 62418 7
6 3131910
5 7112610
2 51238 9
6 3143011
1 7143113
4 7113810
6 4231910
6 2142410
2 3142010
1 1 32710
6 3242010
6 72216 5
2 7322610
6 1 22510
5 21125 7
1 7142910
6 1 31910
4 4233311
2 1 140 9
5 7123110
1 3132411
6 73318 9
2 1 22411
6 22416 6
6 3122110
6 1 318 7
1 22442 9
2 7322710
6 71227 6
6 28332 9
6 2242110
1 31139 9
6 22215 5
5 8132510
2 2314411
4 71225 9
6 31316 5
2 21234 5
6 1 220 9
2 7342512
6 1 23313
6 6121810
6 51339 9
1 22238 9
6 62416 6
6 4143011
4 1 236 9
6 1 215 5
1 7143312
6 8243312
6 2222010
6 1 42410
1 3122211
2 1 224 9
6 5131910
6 72318 7
6 2223010
2 33123 9
6 71434 9
6 51319 9
1 71139 9
6 1 42312
2 1 22710
2 1 121 5
2 1 127 9
6 32429 9
6 4141910
6 61225 9
2 8113310
1 52344 9
6 2132510
1 2243611
1 1 335 9
1 1 14312
6 1 324 9
1 7243111
4 2224210
1 1 332 7
6 8221810
2 1 22712
6 72420 9
6 7132312
2 1 23613
6 8123613
2 2134111
6 21315 5
1 1 238 9
1 4232512
2 2231810
6 1 13010
6 2132512
1 4233113
6 51217 7
1 51428 7
5 32322 5
2 21444 9
6 3143212
2 1 42710
1 8234413
6 21318 9
2 41420 7
6 1 33210
1 5144214
6 1 318 9
6 31217 6
6 71315 5
6 21216 5
6 31217 7
1 73332 7
5 1 138 5
2 83136 9
6 1 315 5
6 21316 6
2 7222210
6 82318 7
1 7132510
5 43227 9
6 21218 7
6 2122210
2 22323 9
4 3133412
1 2242510
4 72230 9
6 6142010
1 4133412
2 1 12310
2 1 22210
4 2212610
1 3142712
2 1 527 9
6 2232010
2 22220 9
6 3132510
1 61133 9
1 3244011
6 1 123 9
4 7224213
1 8243012
6 2242010
1 7233212
5 6144311
6 1 217 7
6 77319 7
2 7144012
6 7143612
6 31318 9
6 3242712
6 41331 9
6 71229 5
6 72421 9
6 32117 6
6 1 419 9
6 3132211
2 2242210
6 8112915
1 72438 9
1 1 34313
1 2112910
6 51316 5
6 21219 6
6 3132312
1 1 426 9
6 51418 7
6 1 320 9
1 7133310
4 1 43812
6 7313811
6 31333 9
6 5141910
2 63233 9
1 8143810
1 1 33510
1 8133212
6 2232710
1 1 230 9
6 31318 9
6 2242910
1 5244210
6 31116 5
2 1 12010
2 4232812
1 71437 9
6 3122610
6 3141910
6 1 241 9
6 1 22512
6 4112010
1 22321 9
1 71441 9
6 3233711
1 71426 9
4 3224112
1 2143311
6 62326 6
6 6143010
6 22318 7
6 8143610
1 31242 9
1 22242 9
6 3142210
6 21243 9
6 7222010
4 1 334 9
6 2322010
6 2232712
1 7142813
4 33229 5
1 5144110
6 42231 5
6 1 218 9
2 43243 9
6 1 318 9
5 21144 9
6 7142211
6 32432 6
6 3133011
1 1 34313
5 7243312
6 3113010
6 31432 9
6 1 124 9
1 2132612
6 2142611
1 4234311
6 5142810
2 2332010
2 22118 9
6 22217 6
6 1 215 5
6 1 216 7
6 31417 6
6 71228 9
2 51440 5
1 7143412
6 3122612
1 4143211
1 71244 9
6 21117 7
6 7242310
1 3132210
6 23320 6
6 7141910
6 23420 6
6 72316 6
6 41316 6
6 1 32710
1 51230 8
4 31329 9
6 22417 6
6 3233311
6 8242510
1 51426 9
6 1 215 5
2 1 43211
1 22244 9
1 8343012
1 31342 9
6 22217 6
1 1 326 9
1 1 24010
6 51215 5
1 7332210
1 3133112
1 7133810
1 41333 9
2 22223 9
2102318 9
6 1 231 9
5 2114210
6 1 415 5
6 1 21910
6 1 325 9
6 51425 7
6 81317 7
6 1 32612
6 7233710
6 61417 7
1 2332711
5 31438 5
6 22221 9
6 1 51910
6 2132512
2 1 23011
2 21218 5
6 1 217 9
2 2223310
6 71330 9
1 1 94112
6 51216 6
6 21418 7
1 2134013
6 3242412
4 4313611
1 22341 9
6 2113210
2 2123210
1 8232914
6 2322310
1 3132612
6 31321 9
5 21243 5
2 3233011
6 2322010
6 71319 9
1 1 230 9
5 1 44013
6 7132110
6 83319 9
1 7123513
6 2143911
6 22315 5
1 31329 5
6 3243610
1 5133411
2 21442 7
6 1 32010
6 22440 5
1 1 42710
6 61122 9
6 1 42010
1 21432 9
1 3233812
1 8142610
1 2114313
6 22417 7
1 22128 6
6 31216 6
1 51420 9
6 1 22915
6 81318 9
6 71326 5
6 2131910
2 1 231 6
6 52224 6
6 3132510
1 71429 9
6 61222 9
1 2224113
1 1 428 9
4 1 127 9
6 3132310
6 21217 6
6 1 228 9
6 31427 6
2 1 120 7
2 7213411
6 71119 9
6 21336 9
6 1 32811
6 21242 5
4 7123410
1 2242511
2 3132212
6 61344 9
6 42422 9
6 71221 9
6 22315 5
2 6222410
2 22131 9
6 7143812
1 72340 9
6 1 22312
1 2123712
6 21216 6
1 8143912
6 22215 5
1 8143812
6 5122310
6 4222610
2 2113310
1 1 32613
6 41315 5
1 8123210
6 1 315 5
1 1 325 9
1 4143711
2 22136 5
6 81317 9
6 2332810
4 1 342 7
1 7142412
1 31323 9
1 71230 7
4 32336 9
2 1 32210
6 3222810
4 1 330 9
6 3144110
1 51444 9
2 1 32010
6 3142312
6 82417 7
6 31128 9
1 8143610
5 1 135 7
2 22235 7
6 41218 7
1 2143610
2 1 32510
6 71319 9
5 22335 9
6102517 5
4 8223113
6 51323 9
6 71215 5
6 1 319 9
6 22417 7
6 7131910
6 1 118 7
6 21318 9
5 2142610
2 7113610
1 8113213
2 71320 9
6 8232910
1 21129 5
1 2233612
2 2223810
2 61427 9
6 3232512
6 41417 7
2 72428 9
6 21231 9
4 21234 5
5 3224310
2 1 14112
1 51337 5
6 22123 9
4 1 14111
6 82120 8
1 8113113
6 81219 9
6 21422 9
1 8143110
1 2134413
1 21234 7
1 51432 9
5 3213910
6 3132712
1 72222 9
6 71242 5
1 1 33410
6 72428 6
4 31237 9
2 42231 9
4 72224 9
4 1 328 9
6 71215 5
5 1 429 9
6 1 317 7
6 61119 7
1 4132912
2 6143211
5 4113812
1 2144212
6 1 229 9
6 1 321 8
6 1 117 7
5 21331 9
1 4123010
1 3123810
2 22131 5
1 31239 6
5 1 330 9
4 1 236 9
1 71229 5
2 1 342 5
6 32217 6
6 7141910
1 1 330 9
1 81325 5
6 3122811
2 6233810
1 2212410
2 21118 5
2 7232610
1 7233410
1 1 32610
6 8222412
2 8332713
4 4134112
1 4234112
6 4222112
6 1 237 9
6 8112412
4 2132912
6 52316 5
6 1 316 5
3 7133910
1 5133812
1 3142512
1 81332 5
1 1 42610
1 1 33313
6 7132611
6 8242712
2 1 220 6
1 71339 9
1 42426 9
6 71321 9
6 1 218 6
5 3242410
1 3124213
4 71441 5
6 22217 6
2 32225 9
6 1 32010
6 1 32810
1 4233812
4 7134212
2 72319 9
1 1 22910
6 22418 9
6 2332312
6 7142210
1 1 242 9
2 7142910
2 1 43710
6 31223 9
1 4322512
6 33415 5
6 31320 8
6 1 23612
1 22341 5
2 2124010
4 4132913
6 4221910
6 42136 9
6 31228 7
6 71318 9
1 51323 9
6 72417 7
6 1 216 6
6 1 119 9
6 21431 9
1 72336 9
2 2144312
2 2342110
6 72326 9
6 42216 6
5 3134210
1 7243313
5 31244 5
6 1 131 5
1 1 42712
6 31323 9
1 5133010
1 1 43515
6 31317 7
6 3122110
1 7143110
6 71115 5
1 21126 5
2 21129 5
6 71330 9
1 4233612
6 31218 9
6 31328 7
2 1 23911
2 73218 9
2 1 33113
6 22418 9
6 31329 6
6 3143110
5 31236 5
6 1 216 6
6 22316 6
6 3132110
4 1 14410
2 51331 5
6 2133513
1 4143813
6 1 215 5
6 61417 6
4 1 139 6
6 2222010
1 22234 7
1 1 331 9
6 1 317 7
1 2143712
2 7342410
1 3124110
6 1 418 9
1 2223814
1 1 43410
2 7232511
1 1 23113
1 22222 9
1 8333713
1 2144310
6 61217 7
5 81427 9
4 72227 9
1 3113211
1 7214412
6 2323712
4 2123611
1 21236 5
1 2132812
6 3133514
6 21117 7
1 1 32610
1 61338 9
6 72127 9
6 83325 9
6 2232110
1 6244310
2 3132010
1 81436 9
6 1 231 5
1 21238 6
2 4232110
6 1 123 9
1 2334313
1 6112912
6 6142312
2 1 32312
1 21239 5
6 22225 6
1 1 34212
6 31417 7
6 1 216 5
1 21134 5
6 31317 6
1 22226 9
2 3142212
4 21320 9
6 8122310
1 2143112
6 32319 9
6 32220 9
6 31324 7
6 22217 9
6 22343 9
2 21238 9
6 8133513
6 21337 9
6 42318 9
1 6144112
6 1 23110
1 1 340 9
1 21229 5
4 2224211
6 42219 9
6 81224 5
2 1 22510
6 4123610
1 7143012
1 7133812
6 22315 5
1 7133811
1 3222711
6 71131 9
6 81428 9
6 31222 9
2 2113411
6 83434 9
6 72218 9
6 1 216 6
1 7234310
5 21139 5
2 8222910
2 1 32611
4 7133010
1 1 23710
1 81229 5
6 22315 5
6 1 221 9
6 1 227 9
6 31532 6
6 22317 5
6 2232612
6 2232612
5 1 23612
1 71331 9
1 3134113
6 3142110
1 7124313
1 2144210
5 1 334 9
3 31431 5
6 4133113
1 22234 9
5 2132610
4 2232612
6 21122 8
6 1 343 5
6 2132912
6 22217 6
1 2144412
1 7142312
5 81336 9
6 2242511
6 31219 9
6 1 33111
3 22422 7
1 8142912
6 22319 9
2 3132910
6 1 33410
6 7231910
6 41335 9
6 5131910
6 1 32712
1 1 14413
2 1 32412
1 21228 9
1 1 34412
1 52325 9
6 5132813
2 5141910
1 31326 9
2 71123 7
6 81317 7
6 1 325 9
5 5144010
6 7141910
6 5242010
5 31442 9
6 32221 9
6 31418 9
1 6142510
5 5142611
1 7132711
1 8134213
1 2143613
6 1 22512
1 3144212
1 1 34112
6 22315 5
2 71325 9
1 4143513
6 2232410
6 4142713
6 31232 9
1 32133 9
1 21341 9
1 1 330 9
1 1 22612
6 8123911
6 2133713
2 32338 9
2 72120 6
4 21224 9
1 1 222 9
5 3133411
1 3234112
6 1 419 7
1 2143912
1 3142812
6 73320 9
6 31318 9
2 7112811
4 2233614
1 2324213
1 3134113
6 71418 9
1 8114012
6 1 13410
4 3123610
6 4223210
6 3222110
6 81416 5
6 5142712
6 2143710
1 1 329 9
1 51230 5
1 81230 9
1 7133514
6 72316 6
6 22215 5
2 1 319 9
2 2243110
1 7342711
6 71218 9
4 2132912
2 72221 9
6 1 218 9
5 31130 5
1 1 33112
6 7143010
6 1 325 9
1 2223712
1 1 230 5
6 1 116 6
6 1 32310
1 7223212
1 8242913
6 71230 9
2 1 34112
1 21122 5
6 31131 9
1 2323210
4 7233311
2 4222912
6 21316 5
6 7132110
6 2122910
1 1 240 9
1 3133812
6 73216 6
4 2123911
6 1 34412
2 7142610
6 31418 5
4 1 338 9
6 82318 6
6 72220 7
1 8223115
4 1 444 6
4 2244110
5 21134 6
1 4144012
6 31416 6
2 1 41910
6 1 328 9
6 1 225 9
6 42338 5
6 1 315 5
6 3232610
2 72334 9
1 2222712
3 7132610
6 31215 5
6 1 317 7
2 1 439 7
6 3111910
1 61441 9
1 1 129 9
6 3133610
1 7224210
1 1 343 9
6 31215 5
1 5233110
1 4323313
6 72242 9
6 1 420 8
6 2231810
6 4141810
1 81239 9
1 7232512
1 32337 6
6 22215 5
2 62326 5
6 31424 9
2 3223610
5 7112811
6 22321 9
1 1 44512
6 22119 7
2 7244110
6 31232 7
1 8131910
2 7142911
6 1 315 6
4 31431 9
2 1 137 9
6 1 12010
1 4323311
2 1 33512
5 3233311
1 42241 9
2 8142311
6 31132 9
2 1 33310
6 1 32711
1 1 137 5
2 22130 5
6 3124210
6 21218 7
1 32335 5
6 2223013
2 2233113
6 1 136 6
5 71132 9
2 1 223 9
1 6123413
6 1 33512
1 1 42712
6 61228 6
5 3314110
6 4232412
6 22234 7
2 21228 5
2 6222612
1 8342310
1 2234310
6 1 31910
1 3133211
6 7133110
6 22117 6
1 2233111
6 61119 9
2 1 219 6
6 81416 6
2 7113812
1 8134311
2 4142412
6 1 24011
2 1 42010
1 3243510
2 2142910
1 3132913
6 71418 9
6 1 34210
6 1 23412
1 51338 9
1 2132410
6 52316 6
1 4254412
2 31132 6
1 2242912
1 8234412
6 1 22210
5 1 33211
6 32217 6
1 5132410
6 1 227 9
6 21227 6
1 7233612
2 2112910
1 3233512
1 1 42711
6 7113811
6 2212310
2 1 13111
1 61325 5
6 51421 9
6 7141810
6 31443 9
6 1 417 6
2 1 32912
2 1 24213
6 62318 9
6 61317 7
1 3242710
1 2144410
6 51118 7
6 8342010
6 1 23913
1 21332 9
2 72420 9
1 6333110
6 3124112
