4 1 32611
6 71116 5
1 8142710
6 1 12611
1 8144213
6 42317 7
6 32117 7
6 23327 5
1 1 128 9
6 7232010
6 6232312
6 83217 6
1 3144110
6 82222 9
1 6323713
4 1 22911
1 4224312
1 31424 7
6 53316 5
6 31215 5
2 21243 5
1 32227 9
2 22217 6
6 93329 7
1 2222810
1 8132812
1 42242 9
1 7144112
6 1 218 6
6 32415 5
1 7144311
1 1 54010
5 72343 9
6 2112312
6 72218 9
1 2233713
6 3332712
1 2213010
1 4333714
6 72316 5
6 71424 9
6 1 121 9
2 1 340 9
6 2232010
1 7134210
6 1 119 9
2 1 42911
1 22225 9
2 72328 9
2 1 324 8
6 3132311
1 81242 9
6 4222412
6 82221 9
2 52132 9
6 1 33412
2 72429 9
1 21133 5
6 2142110
1 1 43112
6 4123813
6 8324111
2 52131 9
4 1 244 9
6 8122810
6 2242512
1 1 24412
6 1 21910
6 21421 9
1 3343511
6 1 12710
6 23316 6
6 72315 5
1 5243212
6 53116 8
6 2323412
1 4144310
6 71318 7
6 6142512
6 22240 5
1 7243410
6 3222910
6 32218 9
1 3133611
6 21418 9
2 2142510
1 5143210
6 1 219 9
1 23332 9
1 4223913
1 2234011
1 21444 9
1 71432 9
1 3143313
1 1 335 9
6 22419 5
2 2233612
6 51232 5
2 1 222 5
1 8132912
6 82217 7
1 2334213
4 1 33111
1 1 33610
6 3232610
1 8142510
6 3142511
6 2133313
6 22415 5
6 72321 9
2 1 33210
6 32430 9
6 2232310
1 71429 9
1 4223213
6 2132512
2 81543 9
5 31134 9
1 32230 6
6 31322 9
6 71430 9
4 1 43511
6 22220 5
2 31230 9
6 5142311
6 72217 7
6 82216 7
1 7224311
6 31215 5
6 1 316 6
1 62335 9
6 1 32510
6 3132310
6 2322913
6 22331 9
6 42319 9
6 31317 7
6 71416 6
6 2324112
6 22216 5
6 1 31910
6 1 32210
6 1 23411
1 32329 9
2 71431 9
6 32239 9
6 42438 9
1 7222612
1 1 42712
1 1 133 9
6 4242911
2 21137 9
6 22317 6
1 4334212
2 73243 9
6 2232312
2 31219 7
6 2232510
6 2232210
6 1 115 5
4 2234212
6 7132810
6 8322410
1 7144010
6 8232312
6 1 22910
1 31434 9
1 51331 9
6 21416 5
6 72229 9
6 2131810
6 4132713
4 4313810
2 71426 9
6 1 127 5
6 7332910
2 21440 9
2 8223313
6 3122410
1 8223010
1 7232610
2 2324012
1 8344413
1 1 24411
6 22335 9
1 4142612
6 1 219 8
1 1 443 9
6 32423 9
6 21224 9
6 1 115 5
6 72216 6
6 1 12412
6 31324 9
6 1 22312
6 1 416 6
1 3143311
6 21215 5
2 2133910
1 7143113
6 3224010
4 1 443 9
6 1 323 9
2 1 332 9
6 22217 6
6 1 318 9
6 8132810
6 1 223 9
4 8223913
2 2133310
6 22116 6
1 42328 9
2 72130 9
6 1 317 6
6 2232513
6 7123410
6 1 437 9
6 31415 5
1 22232 9
6 1 243 5
6 71319 9
4 1 239 9
1 2233312
1 1 33412
1 4223512
6 3232910
1 4144215
1 8112913
6 72222 9
6 21219 7
6 2222110
1 1 33912
6 22325 9
1 2142511
1 21243 5
2 72220 9
1 82333 5
1 8323212
6 81331 9
1 1 328 9
6 1 215 5
6 8142812
1 61428 7
6 31223 9
1 31327 9
6 43317 7
6 72222 7
6 1 12310
6 3142611
6 23225 9
2 2233110
1 51332 6
6 2242210
6 42416 5
6 7222210
2 7132610
5 32235 9
6 41320 9
6 3231910
2 32422 9
4 1 328 9
1 23423 9
3 2222410
2 1 22710
4 7224410
6 71416 6
2 61226 9
6 83317 7
6 4132312
2 1 238 9
6 1 226 5
6 1 344 9
1 3334413
2 1 12810
6 1 34315
6 21242 9
6 51119 5
4 31132 9
6 42215 5
1 5144310
6 32424 9
6 2223610
6 1 33415
6 23426 6
1 2224112
6 2322310
6 21120 9
6 61415 6
1 41238 9
6 1 32811
1 8232813
6 51122 9
1 4243012
1 2233313
1 7143112
6 33216 7
6 32241 5
6 62316 5
4 2133912
6 72318 6
1 8324115
6 31233 9
4 71343 9
4 2314110
2 1 42410
6 7142811
5 3244113
6 32319 9
1 72233 9
4 32427 9
4 1 14113
1 2232912
6 52240 9
2 1 131 9
6 1 425 9
6 72415 5
2 82232 9
4 22234 5
1 72440 9
6 4323113
1 1 34011
1 1 136 7
6 22323 9
1 22342 6
6 21417 7
6 42317 6
6 22417 9
6 72236 9
6 1 22513
6 42217 6
1 7143013
6 22317 6
6 1 23211
5 71334 9
6 2122910
6 3332110
3 1 443 9
6 31416 6
1 8223811
6 83226 9
1 51341 9
6 21316 5
5 1 32010
6 2343314
2 7242410
1 41444 9
2 1 343 9
6 22219 9
6 1 33010
6 72315 5
6 21230 5
6 2232110
1 51331 9
1 23143 7
6 71316 6
6 31323 9
2 1 232 7
1 2233812
6 23215 5
1 31222 5
1 22323 7
2 21238 5
6 31222 9
6 8222410
6 71419 9
6 1 416 6
6 82317 6
6 7124211
4 4322610
6 22231 5
6 1 318 9
2 42221 9
6 21332 9
1 7144410
6 22325 9
4 72229 9
6 1 237 8
1 81331 9
1 4242912
2 1 226 9
2 33232 9
6 1 233 6
6 42317 6
2 2243711
2 72327 9
6 51416 6
6 1 329 5
2 4142711
1 2142912
6 1 342 9
6 1 420 7
6 52315 5
6 31316 5
6 1 116 5
1 2234112
6 72224 9
1 2143610
1 22243 5
6 71316 6
6 8222612
6 32115 5
6 71423 9
6 1 22612
1 1 34412
6 32215 5
6 21217 7
6 1 217 6
6 71429 9
6 2232110
1 73423 9
6 42219 9
6 8232210
1 7142612
6 82219 9
6 1 317 7
1 2313111
6 1 321 9
6 1 121 9
6 8333912
6 72319 9
6 1 23510
2 1 324 9
1 22220 5
6 22416 7
6 3133010
1 42331 9
6 23318 7
6 22316 5
6 61217 5
6 31315 5
4 1 34110
6 82317 6
6 1 115 5
5 1 223 9
1 71436 9
4 1 34011
6 1 23911
6 72319 7
6 1 23012
6 3222210
2 5242510
6 41316 5
6 71220 9
6 3232310
2 1 22510
6 7142713
6 22318 9
6 2242710
6 1 42810
4 1 33810
6 1 43511
1 5134410
1 1 24010
6 73219 9
2 8223410
1 71443 9
1 51341 9
6 71116 6
1 51343 5
1 1 233 5
6 21433 6
6 2132210
1 61422 9
6 72220 7
1 31333 9
6 7333015
6 82215 5
1 4242912
6 31215 5
1 22428 9
6 3232612
5 7123210
1 2233413
6 1 225 9
1 7223614
6 1 32010
6 42316 5
5 1 24210
6 23216 6
1 3143812
6 51215 5
6 21216 5
2 1 131 5
1 2244112
6 22317 7
6 1 44010
6 23226 9
2 1 120 9
2 1 336 9
6 32127 9
1 1 144 9
6 41340 9
6 22117 7
6 22332 6
6 71323 9
1 4223912
3 1 44111
6 3142410
6 72216 5
6 1 326 9
6 22315 5
6 4232310
5 1 338 9
6 81443 8
1 1 329 9
1 1 24313
2 1 13110
6 2232912
1 2232312
6 32333 9
1 2134210
1 7123310
6 1 31910
5 81140 9
1 7243713
6 1 231 9
6 83318 7
6 22215 5
6 21418 9
6 82519 9
2 2223712
1 7243210
6 32326 9
6 1 21910
1 72540 9
1 1 227 7
1 3133811
1 31142 9
1 1 333 6
1 8113512
6 32217 6
6 7132310
6 21320 9
1 2323312
6 81121 9
4 22340 5
6 22444 9
6 3241910
1 41435 7
4 1 33210
6 2233410
1 4324314
2 81426 9
6 1 32511
1 51143 5
2 1 32110
6 31238 9
6 7131910
2 3143510
1 3242810
1 1 33511
6 31431 9
4 1 440 9
2 71233 9
1 7233610
4 1 243 9
1 31327 7
6 71321 9
6 31318 6
1 81331 5
6 21316 6
1 8143411
6 2232210
6 23416 6
6 21418 7
6 1 236 9
6 82817 6
1 2142910
2 2342611
6 21118 7
6 21417 7
1 7142613
4 8133513
1 3222610
1 83323 9
1 1 33610
1 22443 9
6 22221 9
6 1 42010
6 51323 9
6 22320 7
4 22141 9
6 72216 6
6 51442 9
2 7123812
1 7124010
6 61416 7
6 7141910
6 1 315 5
6 3222410
6 1 219 9
2 3112710
1 71437 6
4 1 244 8
4 8333910
6 22316 6
6 81416 6
6 1 218 7
6 22318 9
6 1 216 6
2 3113010
2 2232512
6 21318 7
6 6133110
6 32223 9
1 31334 5
1 7143410
1 21125 5
6 51417 7
1 32537 9
4 4124111
1 61441 9
6 1 22712
6 2242210
6 2221910
6 71418 9
6 1 23413
6 4222810
6 4223112
6 8223915
4 1 33910
1 3113910
6 8322611
6 72316 6
6 3233515
6 31225 9
6 61316 5
6 1 420 9
1 61325 9
1 8144410
6 31318 7
2 81337 7
6 22333 5
6 1 32611
2 22328 9
6 31318 9
6 63318 7
4 31233 9
6 8222110
6 71318 6
6 1 22612
2 22127 5
6 3142210
6 21229 9
6 81319 9
6 31319 9
1 2232812
6 7222111
2 22119 9
2 71134 7
6 22119 7
6 51329 7
6 4133910
1 32236 9
1 6132914
6 1 42110
1 2222610
6 3131910
2 1 243 9
2 22144 6
2 31325 9
6 1 321 9
6 31424 9
6 1 23112
6 51315 5
6 1 118 7
6 31422 9
6 4312712
6 81324 7
6 61329 9
2 2133510
1 3223310
6 71416 5
6 1 53315
6 22216 5
6 1 227 9
1 2223810
6 32316 6
6 1 33312
6 4122511
6 22120 9
1 1 33611
1 71425 9
6 51115 5
6 1 32210
1 23328 9
1 3133910
1 2324311
5 5224011
6 1 418 9
6 7232912
6 1 33412
2 71331 9
6 21221 6
6 1 228 9
1 1 33410
4 51328 9
6 22217 6
6 21122 9
6 61232 5
1 6213611
1 31342 9
1 1 42910
1 1 43412
6 71218 5
6 8222212
6 2222610
2 1 431 5
6 61416 5
6 1 42912
5 22325 9
6 1 33613
6 1 318 6
6 7142110
1 1 14413
2 1 138 9
1 73237 9
4 8213412
4 7243810
1 2133712
2 1 422 9
6 3132110
6 1 323 7
6 1 32110
2 1 230 9
6 22216 6
1 21337 9
2 73418 9
4 61332 9
6 2223213
6 52315 5
2 1 13012
1 2334310
6 32219 9
6 1 32210
6 2124310
6 31215 5
6 32318 9
6 71222 9
1 3133012
6 22233 9
6 1 316 5
6 5142310
6 7232210
6 42326 5
6 32138 9
1 31223 9
6 31219 9
1 1 322 9
2 23321 9
2 22330 9
6 8242612
6 43322 9
4 2113311
6 1 34213
6 1 238 9
2 32323 9
2 1 325 9
1 4143210
6 72316 6
5 1 233 9
6 1 317 6
1 1 135 9
6 1 23011
1 72335 9
6 31315 5
1 5133412
6 71316 6
2 2124112
1 8132812
1 1 342 9
1 4123810
6 22318 9
6 81316 6
6 22217 7
1 8144112
2 1 324 5
6 3232510
6 21318 9
6 2132810
6 51320 9
6 31318 7
6 51123 5
1 22123 9
6 51417 7
1 2233411
4 31329 7
6 7223413
6 72219 5
6 21316 6
2 22225 7
6 8332711
2 31427 6
6 71419 9
4 3143510
4 3133810
1 5134212
2 32122 7
6 3132910
6 82415 5
4 62328 5
6 73122 5
1 7233512
6 81422 9
1 4224311
6 82316 6
1 6234112
2 7122011
2 31321 9
6 4332110
6 1 23111
6 22320 9
1 21332 9
1 5143212
6 1 12210
4 8344010
1 8333412
6 2122912
6 22317 6
1 7143410
1 4342710
6 1 222 6
5 1 24210
6 4143110
6 3122110
6 33420 9
1 23327 9
1 71435 9
6 2322510
6 1 216 5
6 32215 5
1 8114012
1 2233912
6 42318 9
2 5223410
1 22335 9
6 2222410
6 72317 7
1 3144310
6 31215 5
4 71339 9
1 2233310
6 31222 9
1 2124210
6 21417 7
6 22315 5
6 71243 9
6 41216 6
1 21240 5
6 41218 7
6 31119 9
6 72239 9
1 1 33713
6 42328 9
6 81325 9
1 1 34112
6 3112210
2 1 119 9
4 2243212
6 22241 9
4 1 342 6
1 31440 9
6 1 31910
6 1 24010
6 1 133 5
6 71220 9
1 2212910
5 31138 9
6 72430 9
1 2224012
6 2222110
4 22239 9
1 31426 9
6 2242110
6 52321 7
6 32323 9
6 42419 9
6 4222610
1 3123513
1 1 325 9
6 8342511
6 1 21910
6 72420 6
1 3143513
6 1 219 9
2 32231 9
4 1 34111
1 22328 9
6 7122810
6 41416 6
6 4142410
6 1 221 9
1 61324 9
6 7234210
1 2132813
6 22219 9
6 6232510
6 22317 6
6 22219 9
1 1 343 9
4 1 34010
6 41319 9
1 7331910
2 71420 9
1 2313810
1 1 13011
6 32318 7
6 4142312
6 1 139 9
6 1 317 7
6 21421 9
1 8334112
1 2234413
1 8132913
1 81332 5
6 1 24012
6 32215 5
6 1 43212
6 2142311
6 22417 5
1 7134012
6 2212110
1 1 324 9
6 1 32612
6 82417 9
1 1 226 5
1 7142611
6 1 324 9
1 4243312
6 1 116 6
2 7134210
6 1 22512
1 71320 9
6 31329 9
5 31339 5
1 43242 9
1 1 13712
6 32327 5
6 71316 6
6 1 43210
6 72216 5
5 33344 5
2 31423 9
1 22336 9
1 83332 6
4 3233712
1 2244413
6 1 326 6
4 2323310
6 23120 9
1 4123112
6 2322512
1 2144412
1 7342512
6 72219 9
6 21224 7
6 1 226 9
6 21316 7
2 22422 9
2 33341 9
5 1 226 9
6 22317 7
2 32223 7
6 22222 9
2 22236 5
6 7312310
6 31138 7
2 2323112
2 1 12712
2 23436 9
6 1 33813
1 22128 9
6 3122710
2 2232110
6 1 238 9
6 32216 5
1 4143412
6 21416 7
1 72328 9
5 73342 9
6 1 32811
6 1 123 7
4 6144010
6 1 318 9
6 72321 5
1 1 330 5
1 6122812
2 32342 9
1 1 24414
6 2142311
6 8113610
6 52336 6
6 3233910
4 22228 9
6 21120 9
6 71241 7
2 2133010
6 4334212
1 5233811
6 1 22110
4 1 44110
1 22241 9
2 8143315
6 42317 6
6 1 337 9
1 1 33010
6 3132410
2 2232910
1 22230 8
2 1 232 9
4 1 13210
6 1 216 5
6 7233410
1 7133312
6 1 318 9
1 31330 9
6 1 115 5
6 1 315 5
6 8333512
1 21337 5
6 22317 6
5 1 339 9
6 22320 9
6 82420 9
6 21321 6
1 21231 5
6 1 317 7
2 1 221 9
6 1 33511
2 23231 9
1 8142810
2 2112710
6 1 120 9
1 2234412
6 6141910
1 22227 6
6 51416 5
6 2323310
6 62216 5
6 4113110
1 1 43411
2 21426 9
1 31342 9
6 51430 5
6 42219 9
1 3142512
1 3333714
6 6232210
6 1 336 9
1 1 32612
2 8343710
6 72232 6
2 22240 6
6 1 24012
6 31426 9
1 8143412
6 31417 7
1 3143913
6 1 219 9
6 22316 6
6 1 32210
1 4133913
2 3233010
1 7143710
6 1 32412
4 71244 9
1 51438 9
2 32219 5
6 42319 9
6 1 316 6
5 72235 5
6 4134211
1 7232710
2 22230 9
6 3222110
2 82232 9
6 32420 9
2 6332610
4 1 24013
6 2332312
1 31441 9
1 2234313
6 22321 9
1 42434 9
6 72424 9
1 1 335 9
6 31415 5
1 1 243 9
1 31226 9
1 1 33410
4 3224211
2 1 225 9
1 3143512
2 31424 9
6 1 228 9
6 1 216 7
1 1 22810
1 33326 7
2 31342 8
1 31144 9
6 1 217 7
6 8243010
1 7143012
1 4223014
6 1 32713
1 7142810
6 81433 9
1 8232410
2 1 127 6
6 4122311
6 21320 9
6 82323 9
6 2242010
2 8332812
2 21431 9
1 1 24112
1 22427 9
6 1 321 9
1 6223913
6 62317 6
6 1 22512
1 1 232 7
2 1 220 9
1 3134310
6 23319 9
6 1 222 7
6 1 22210
6 7223610
1 31423 9
6 5121910
1 6144013
6 1 219 9
6 71418 9
1 71330 5
6 1 32010
2 1 22512
4 7124012
1 2133611
6 1 216 5
6 62215 5
6 1 22712
4 3244212
4 22235 9
110313611
6 2233412
6 21319 9
1 3214412
6 23227 6
1 1 243 6
1 1 241 9
2 3242911
4 1 34312
6 72318 9
1 1 42711
6 1 116 6
6 6142610
2 3214410
1 71428 9
6 1 32010
6 33221 9
6 4222310
6 1 240 9
1 3142612
2 1 342 9
1 1 33210
6 1 217 7
6 1 219 7
6 1 219 9
6 2232210
2 8222712
6 2233210
6 21318 9
4 2143413
6 1 22712
6 1 317 7
6 3133112
6 1 12110
6 21238 9
6 22230 9
1 61333 9
4 32343 9
1 71344 9
6 72235 9
6 6142310
6 51419 9
6 1 22411
1 7142810
1 1 13112
1 21332 5
4 4133610
1 7233811
1 91424 9
1 53330 9
4 3234412
1 61430 9
6 42115 5
6 31242 7
2 7234110
2 7222411
6 4223912
6 1 415 5
6 21315 5
1 31443 5
6 32316 6
6 41343 9
1 1 42913
6 7141910
2 31343 9
6 7224110
1 8243410
6 31415 5
2 1 23110
2 1 323 9
6 1 32010
2 1 332 9
5 8112810
2 4323313
6 73115 5
6 22437 9
2 71126 6
6 23331 9
6 22218 9
6 42215 5
6 32422 9
2 22430 7
6 22315 5
6 1 22210
6 1 316 5
6 1 32010
6 1 316 5
6 3112510
6 1 117 7
6 71219 9
1 2132311
6 31343 9
2 21234 7
6 62116 5
1 8223110
6 1 322 9
2 31325 7
6 7244012
6 43322 9
1 4224311
2 1 332 9
4 1 23612
6 71323 6
6 1 222 9
2 22340 9
6 22122 6
6 4322110
2 7133810
5 32332 9
6 51440 9
4 7244212
6 22419 9
1 2234310
6 81417 6
1 81330 9
6 71228 9
2 1 22712
2 2132410
6 22419 9
2 1 124 9
6 7143310
6 22315 5
1 1 430 9
6 8234012
6 1 22311
6 1 416 7
2 72136 9
2 72227 5
1 52330 6
1 8142812
1 4143613
6 2232312
6 21316 5
6 71226 9
1 2214412
6 1 23210
2 1 419 9
2 71229 6
6 1 225 9
2 72121 9
5 1 341 9
1 32235 9
6 31420 9
6 2222210
1 61229 5
6 8232412
6 7232312
1 72343 9
6 1 128 9
6 72333 9
6 7212110
6 1 33112
6 1 24110
4 3133611
6 72316 5
6 4132510
6 72316 5
6 31219 7
1 33423 9
1 1 540 6
1 7132913
6 1 228 9
1 4143613
1 5133711
6 72226 6
6 21133 9
6 1 216 6
1 1 226 7
6 51436 9
6 1 217 7
2 62431 5
6 1 41910
2 22135 9
1 72432 6
6 51431 9
6 7142811
1 71328 9
1 71224 9
1 1 43711
6 91320 9
1 7243812
6 1 32613
6 31325 9
1 2233611
6 72132 7
1 72423 9
6 1 124 9
6 22217 7
6 1 32212
2 33224 9
1 3323912
6 32344 9
1 51342 5
1 3324013
6 3141810
1 3144311
6 1 33512
6 21318 7
6 2223613
6 1 22410
6 7233513
6 32419 9
6 7242610
6 62236 9
6 3243810
2 1 238 6
6 72416 5
6 51119 5
1 2334012
6 71333 5
6 1 32712
6 9222410
6 72224 9
6 1 32310
6 22216 5
6 72319 7
1 4132913
6 1 231 9
6 31223 9
5 3213710
6 3232312
6 21316 6
1 1 429 9
6 7231910
6 32318 7
6 73233 9
2 32226 9
6 1 23311
6 1 438 9
6 7233413
6 2232212
6 2231910
6 71418 9
6 23315 5
1 1 33910
6 3241910
4 1 23612
6 22316 6
2 1 23712
5 2223112
6 1 32612
6 1 416 6
1 1 338 9
6 7234112
1 6124210
6 1 318 9
5 5133312
6 21315 5
6 7242811
1 7133512
2 2322612
2 22242 5
1 6234410
2 2232210
6 42418 7
1 33344 9
6 21418 9
4 2312612
6 2322010
6 21415 5
1 1 23712
1 6213912
5 52235 9
6 22322 9
6 71332 9
6 7142812
6 22230 9
1 1 437 9
2 1 226 9
4 81432 9
6 3142010
4 72341 6
6 3123610
1 22232 9
2 2123312
6 41315 5
1 23138 9
2 4122510
1 8122210
6 1 427 9
1 3144111
6 7232612
6 2342211
2 7122812
6 21316 6
4 1 34012
6 21331 9
6 81330 9
6 71417 7
6 1 32011
4 51425 5
2 31425 9
6 1 22110
6 6242811
6 71119 9
6 22428 9
5 33539 6
6 71329 7
4 21241 9
6 7322611
1 7234112
6 31219 9
6 83237 9
4 23239 5
6 1 219 7
6 22415 5
6 71319 7
1 8333212
6 22215 5
6 1 34110
6 1 217 9
6 71118 7
6 1 33510
6 23316 5
1 1 330 6
1 8334210
6 8213013
1 72331 5
2 8123310
6 8342812
6 1 323 9
1 72437 9
6 81315 5
1 8323813
6 31337 9
6 1 440 9
1 7133910
4 1 238 9
6 3242610
1 2232810
4 1 24014
1 3143111
6 22342 9
1 21242 8
6 22317 7
4 32241 9
5 21236 9
6 7132010
6 2332210
6 5241910
6 1 233 9
6 4122110
6 62417 6
6 1 216 5
6 1 229 6
6 72115 5
1 1 437 9
6 2332812
2 1 136 9
1 1 429 6
6 71239 5
6 71415 5
1 2144212
2 81342 6
6 21419 9
6 3132410
1 7341910
1 51227 5
6 2232510
6 22216 6
6 7221810
6 5233212
6 1 241 9
1 51333 5
1 32434 9
2 1 227 9
6 7122910
4 3122710
6 1 116 6
2 1 128 9
1 8334210
1 7143312
6 1 318 7
2 72327 9
4 7224312
6 23316 5
6 71318 7
6 72334 9
6 5143711
6 22315 5
5 3223612
4 31134 6
6 2253912
1 2133415
2 52337 9
6 1 33210
1 83338 9
1 4134412
1 3233212
1 3232910
6 2122510
6 1 419 9
6 2132010
1 7134210
6 31316 6
1 1 129 9
6 22122 9
1 3124110
1 71436 9
1 5123210
6 1 116 5
2 1 241 5
6 73428 5
2 1 227 9
1 73328 9
1 7133112
6 7143512
6 7213110
1 7123713
5 1 242 9
1 4214012
6 7242611
6 2332612
1 53229 9
6 2222010
6 2332512
2 31425 9
6 1 215 5
6 1 418 9
1 1 22811
2 3132511
6 72422 7
6 1 33411
6 1 116 5
6 1 217 6
1 2233310
6 31317 7
4 7133010
2 71422 9
1 51434 5
6 23216 5
6 4232010
6 1 219 9
6 8332711
1 1 33310
1 2133510
6 22317 6
1 51430 5
6 21416 6
6 1 22813
1 1 119 7
6 22315 5
1 1 44112
6 1 12510
6 22216 5
4 71243 9
6 22236 9
2 83428 9
6 7242010
6 1 42514
6 3132310
6 2222210
1 1 237 9
1 32440 9
1 22440 9
1 5133310
1 1 13910
2 7322210
4 71239 9
1 52432 9
6 1 333 9
6 31120 6
6 71330 9
6 6334010
6 4222513
1 1 43411
6 71318 9
6 1 317 5
2 3242710
6 51216 5
6 32315 5
1 3113010
6 23117 6
6 2332010
6 51415 5
6 72318 9
6 1 227 9
6 1 221 7
6 1 31910
6 1 53312
1 5133112
6 42317 7
6 22226 6
6 22219 7
4 71344 7
6 31217 7
6 72220 9
6 2232410
1 8134413
1 3143212
5 22230 9
6 7144312
6 42415 5
6 1 116 6
1 21336 9
1 22431 5
1 1 23610
6 22218 5
1 1 34311
6 1 32711
2 31134 6
6 7223310
4 3143911
2 22230 9
6 81418 7
6 41216 5
2 62434 7
1 22330 9
6 6122412
6 1 33514
6 72426 9
6 71218 7
6 7224212
2 1 343 9
1 2144110
6 51417 7
6 23315 5
4 72130 7
6 1 33410
6 2233710
6 32216 5
1 1 323 9
6 7133712
6 22217 5
1 5142910
6 2232010
6 1 41910
2 1 339 9
6 2232710
6 71317 7
1 51435 5
4 7132710
6 1 22210
4 1 335 9
2 1 23413
4 71228 9
1 3142812
1 7144213
6 5114010
1 5133613
6 1 226 9
1 21435 9
1 21433 5
1 3233812
2 22321 7
5 1 233 7
1 3152312
1 1 324 9
6 22316 6
6 72316 5
6 22235 9
6 32218 9
4 8134011
6 22319 9
2 2343210
6 1 419 9
6 23316 6
1 7143213
1 5143712
2 1 222 5
6 1 21810
6 31131 5
2 52231 9
6 7241910
4 1 341 9
1 81435 9
6 1 132 9
2 52328 9
5 71343 9
2 32333 9
1 31336 7
6 7222510
6 1 22410
1 1 428 9
6 7223514
6 1 332 5
6 31423 9
1 4253510
6 71418 9
6 7233111
6 22216 6
1 21229 5
6 1 33010
6 31216 6
2 2233211
1 2124410
6 72218 7
6 21416 6
6 1 323 9
6 1 425 9
1 3134113
1 72243 9
4 3214112
5 3223010
6 22227 7
6 1 33610
6 32316 6
1 22233 9
6 71319 9
2 2222812
1 22237 5
6 31238 9
6 72138 9
1 1 434 9
1 2242711
1 2234310
1 72325 9
6 3132110
6 8112710
2 1 23211
4 1 33711
6 22223 9
1 2233612
6 81420 9
1 23343 9
6 3233110
1 1 425 9
6 81419 7
6 1 320 9
6 43216 5
1 8142713
2 21426 9
6 72323 9
6 7332810
4 32429 9
6 1 125 9
6 8324211
1 2232911
6 1 318 7
6 1 12610
1 6143313
5 1 14215
6 8123312
2 21143 5
6 31336 9
6 7124113
6 4242410
2 1 320 9
2 21223 9
1 4232612
1 2233512
1 5233910
1 21444 5
6 41317 6
6 72418 9
6 32119 9
2 32144 9
6 42324 9
6 4132310
1 5334311
1 21541 5
6 6122910
6 1 32110
6 32316 6
6 2232512
6 1 33712
6 4133014
2 51343 9
6 8323612
6 31334 9
1 2233410
6 1 23412
6 1 115 5
6 73225 9
6 5121910
6 1 34412
6 3122410
6 3133111
6 1 24415
6 1 22211
6 71417 6
2 1 244 5
1 1 330 9
6 81323 9
6 6122912
6 1 218 9
1 2133712
2 2234210
1 7143210
1 2313911
1 7124312
6 71331 9
6 7123810
1 81139 9
1 4243911
6 1 32110
6 1 129 7
6 21315 5
1 7243913
1 71344 9
4 1 22810
1 32235 9
6 8243412
1 31422 9
6 7132512
2 1 33810
4 63237 9
6 22217 7
1 1 432 9
6 31137 9
6 5142812
1 2234310
2 21129 5
6 22316 5
1 1 331 9
1 81431 6
6 1 13412
6 72318 7
6 51216 6
1 51339 9
2 9823810
1 1 444 9
2 31332 9
6 2332310
1 8132912
6 22320 9
1 22425 9
4 3134211
1 2134112
6 8322612
6 8321910
4 1 240 9
6 22325 6
2 31322 9
6 1 34313
6 2232210
6 22234 5
6 2132310
6 1 42712
6 8223213
6 2232110
6 4212813
1 32239 9
6 32318 7
6 22127 9
6 81426 9
6 7132410
6 32332 6
1 22228 9
2 1 329 9
6 52318 7
6 2121810
6 1 319 9
6 1 23413
1 2124011
6 22315 5
2 1 23712
6 31225 5
1 7143413
4 72242 6
6 71418 9
1 1 33812
6 7224410
6 31415 5
5 1 234 5
1 1 23012
6 23316 5
6 1 420 9
1 1 33712
6 21426 9
2 1 22610
6 1 43012
1 63237 9
5 3113711
6 21221 7
6 1 228 9
6 62315 5
4 3224110
6 1 33712
1 4123612
2 1 330 9
1 21439 9
6 1 527 9
6 3132510
1 2142710
6 71231 9
6 31317 6
6 4332812
6 2322110
6 82333 9
6 72315 5
6 2232010
6 1 12810
1 5234112
2 21236 5
1 1 33913
4 7134411
6 4232612
6 31217 6
2 52437 9
6 1 33910
6 71315 5
1 1 34011
6 32317 7
6 3142211
6 1 417 7
6 51420 9
6 6132110
2 22428 9
6 73325 9
4 31334 9
6 61416 6
1 8322510
6 1 119 9
6 33326 9
6 1 34113
6 43319 9
1 1 22614
6 22229 5
6 42316 6
6 21118 9
6 7122310
1 4124112
5 1 236 9
6 72236 9
1 7143413
6 32316 6
6 31124 9
4 3222811
6 1 318 7
6 1 23410
6 1 315 5
1 3334113
4 2223710
6 7213112
2 2142210
1 2113110
1 71543 9
6 51338 9
6 1 33312
6 1 32312
6 71317 7
6 7221910
1 2233212
1 1 241 9
2 3242310
6 8322210
6 22318 9
6 8132312
6 1 126 9
6 51316 7
4 1 33310
6 1 216 6
5 23237 5
6 3232110
1 3143911
1 1 336 9
6 71418 9
2 3213310
6 71241 9
6 2132010
2 1 444 9
6 23237 9
1 8133210
1 21237 9
6 4233911
2 2222110
6 31315 5
6 42522 9
6 8232512
1 8343914
1 7133912
6 81433 9
6 1 129 9
6 7121910
6 7232210
6 51117 6
6 32317 9
6 23216 5
6 2233112
6 33426 7
1 21241 9
6 4324310
6 6222210
6 62315 5
5 2224212
6 1 322 9
6 1 122 7
5 1 324 9
6 1 219 9
6 43318 9
6 4132811
6 72316 5
6 73417 6
6 1 222 6
6 22215 5
6 1 318 7
1 82239 9
6 32425 6
6 2222812
2 1 329 5
2 22130 9
6 71218 7
6 82325 9
6 1 31910
1 3133512
4 82338 7
1 3123213
6 1 22210
6 8222612
1 82431 5
1 1 327 9
6 2124310
6 1 12713
1 71442 5
6 1 317 9
1 73339 9
2 62140 9
2 32143 9
1 2224410
6 72222 9
6 7142610
6 1 217 9
6 1 415 5
2 1 12410
6 8233510
1 21423 9
1 8332712
4 1 43712
6 1 23810
2 22333 9
6 52220 7
6 71418 7
2 22331 6
1 3143111
6 7142611
6 1 229 9
6 23217 6
4 82344 9
2 72335 6
6 51222 9
1 2223510
6 71433 9
6 22120 9
6 62415 5
6 7122010
1 2233113
6 22241 9
1 2113912
1 4233811
6 72215 5
6 1 218 9
1 2232512
6 22235 5
1 5133910
6 1 32110
6 72316 6
1 8133811
6 21225 7
6 8142410
1 1 42810
1 72227 9
6 1 22010
1 1 24313
6 1 42711
6 2232811
6 8313810
6 32316 6
2 3133411
6 1 12610
4 31238 7
1 1 22913
2 4242810
6 7222512
6 23219 9
6 71216 5
6 3142310
1 3123911
6 21418 9
2 21332 7
6 7132110
6 1 219 9
1 1 24411
6 22127 9
4 7243910
6 22215 5
1 23436 9
6 2222010
6 3222110
1 4234212
1 2332612
6 62220 9
2 3242910
6 1 217 7
1 2234213
6 31436 9
6 31235 9
6 4142712
1 4333713
4 1 42510
1 3234310
6 32215 5
6 1 22110
1 81328 9
2 2133410
6 71335 9
2 1 33010
6 21315 5
6 1 42711
6 72319 7
5 1 33111
6 2233210
6 6242311
6 82217 8
6 1 219 9
6 81416 6
6 2222211
1 72324 9
1 31344 9
6 61318 6
1 22222 9
1 1 32610
5 22238 9
1 2224112
6 31224 9
6 32216 6
6 1 234 9
6 4142110
1 1 12511
1 32134 9
6 63821 9
6 3122010
5 21433 9
6 22218 9
4 7144112
6 6332012
6 71334 9
4 4123111
6 1 32810
6 7222010
6 22219 6
1 7242310
6 8232812
6 1 14112
6 33318 6
1 71424 9
6 51317 5
6 23227 9
6 31132 9
1 1 34110
6 3212010
1 1 436 9
6 1 317 6
6 71218 9
5 21141 5
4 1 244 5
6 1 224 9
1 2223910
6 1 318 7
6 32330 5
6 1 32412
2 3232410
6 73325 9
6 32316 6
4 1 22711
6 32119 7
1 7143413
1 3134012
6 81243 9
1 1 241 6
6 1 22010
1 3143311
6 22317 9
1 22226 5
1 3143210
1 7244110
6 3132412
6 1 42610
2 1 143 9
6 71243 6
2 22227 7
1 2124010
6 1 22212
6 32326 9
4 6243912
6 1 418 6
6 32215 5
6 23217 6
1 7224113
6 22315 5
6 1 418 9
6 1 12310
6 2232211
6 1 22510
1 2123912
6 7142310
4 3324112
1 8112912
6 22222 9
6 2211910
6 31220 9
4 8224012
6 52316 6
6 1 232 9
5 7124311
6 21218 9
1 8233610
4 22341 9
1 7143010
6 1 52110
6 72218 9
1 1 326 9
6 23324 9
6 22317 6
2 32230 9
1 22332 9
6 1 44311
6 1 317 7
1 72326 9
6 2223713
6 31331 9
6 51418 7
1 7132510
6 1 22811
2 6332710
6 72224 9
6 71220 9
1 81342 7
2 4222312
6 8222713
6 71127 9
6 1 32110
6 8232610
5 3223710
6 72220 5
1 1 343 7
4 3143413
6 22115 5
6 1 319 9
6 2132410
1 72336 9
6 22116 6
6 1 13411
2 5132510
1 3134312
6 1 34010
6 32316 6
6 22321 5
6 7143012
6 31220 6
1 31337 9
6 1 23110
4 1 43110
1 8323712
1 3142310
1 2133610
2 51428 6
6 1 320 9
1 1 225 5
4 7254310
2 82434 9
1 72430 9
2 1 32912
6 1 219 6
6 71321 6
6 1 22511
1 42444 9
6 7112210
6 7332410
1 22123 9
2 72136 9
5 5133511
6 81421 9
2 31142 9
6 5142412
1 22234 9
6 1 117 5
6 8242510
6 32315 5
1 7143312
6 1 42810
6 1 230 9
6 32317 5
6 1 417 5
1 8134010
6 33318 9
2 1 32812
6 21222 9
6 23117 5
6 62219 9
1 81440 9
6 2132610
4 3124010
4 1 33210
6 1 32312
1 2144010
1 51426 9
6 7223010
6 72316 6
6 1 32810
4 7132610
6 82316 5
6 8113510
5 71438 7
6 7142412
1 1 23110
6 4232110
4 1 341 9
6 51233 5
6 1 31810
1 2143210
6 1 140 9
6 71421 9
6 1 32810
6 1 217 7
4 71439 9
1 21335 7
6 22318 5
1 2233813
6 1 42210
6 32321 9
6 1 317 7
6 6132210
1 31342 9
6 7131910
1 32338 9
6 1 31910
4 4234310
6 3132310
6 31217 7
2 1 23211
6 51218 7
6 71315 5
6 22315 5
1 32225 9
6 3122310
6 1 331 9
6 32419 9
1 2233510
6 1 318 6
1 6143113
6 6142210
6 7324110
1 4232512
2 22339 7
1 51428 9
6 3122310
2 21138 5
1 1 43212
6 72315 5
4 83337 9
4 2232810
4 42244 9
1 1 321 9
1 7133012
1 32238 9
4 41337 9
6 7143210
2 7242812
6 22118 9
1 7144412
1 6134110
6 1 32110
6 1 318 9
2 8113211
1 1 223 9
6 33426 7
1 7222310
2 31318 9
6 1 218 7
2 4222411
6 1 24312
6 32216 6
6 33319 6
1 73335 9
6 1 323 9
6 71119 8
6 33332 7
1 7122111
2 1 131 9
2 2233511
6 2241910
6 2123012
6 31215 5
1 51326 9
1 61336 5
6 3122110
2 72227 9
6 32116 5
6 6132112
6 21425 9
6 3141910
1 4343110
6 31315 5
6 1 32010
6 71425 9
6 31317 5
2 21226 5
6 81328 9
6 62318 7
1 31330 9
6 32322 9
6 71417 7
6 81421 9
6 31116 6
6 3114312
6 43317 6
6 22125 9
6 7222711
4 1 335 9
6 1 125 9
1 22341 9
6 5143913
6 42319 9
6 81315 5
1 81337 9
1 6124110
6 1 136 9
6 1 21910
6 3132910
6 21415 5
6 31217 6
1 71335 5
6 1 227 7
6 1 14215
6 1 218 9
6 42318 7
6 6222311
2 1 329 9
6 3222410
6 2232110
6 62217 5
6 7132910
6 8122211
6 7232111
6 22415 5
5 8124411
1 7244310
5 1 423 9
6 2123010
6 72318 9
6 32324 9
6 22324 9
2 2322310
1 1 24110
1 71339 9
6 42335 9
2 1 32610
1 3133310
1 1 33112
6 1 116 5
1 72226 5
2 21434 9
5 2242310
1 7132310
6 21328 9
1 2143812
1 3143210
4 1 339 9
6 1 219 9
1 2134111
6 1 219 6
6 32423 9
2 21230 5
4 62232 9
6 1 23010
1 4132915
2 51323 9
1 72439 9
6 1 23311
1 2143714
1 22429 9
6 22316 6
1 3232611
6 2223813
6 22216 6
6 1 222 9
1 1 12310
1 73336 7
6 81426 9
6 32340 9
6 1 344 9
2 32239 9
6 71221 9
6 33222 9
1 4134012
4 71432 9
6 1 23010
6 1 22110
6 22315 6
1 2232911
6 22115 5
6 7112610
6 7241810
6 1 32010
6 1 230 9
1 71431 9
2 3133110
6 2232311
6 6123112
4 31344 9
6 8132612
1 4233112
6 42319 9
6 72115 5
6 72426 9
6 8232512
6 1 34012
6 31121 9
6 31344 9
6 8222210
6 1 417 7
6 8142911
6 22215 5
1 1 34311
2 31241 6
6 72119 9
1 51326 9
2 51232 9
6 1 220 9
2 1 23212
6 72217 7
1 1 42710
6 1 12910
6 51317 7
1 8234414
1 4123413
6 1 244 5
2 2233112
2 71430 9
1 3134110
6 22316 5
6 1 417 7
2 31130 9
6 8231910
2 1 425 9
2 1 240 9
6 1 22610
6 8133210
6 7141910
6 8142610
6 83215 5
6 1 317 7
6 1 32613
6 2132412
1 2242510
6 7242810
6 1 318 9
6 31222 9
6 3223410
6 32216 5
6 2332910
6 31115 5
6 72220 9
6 2232110
6 81316 5
6 2142310
6 5232812
6 5132110
6 2131910
6 1 115 5
6 71216 5
6 1 23710
5 61342 9
6 72324 9
2 22421 7
6 71324 7
1 2142610
6 7141910
1 7243410
6 82215 5
1 71435 5
6 1 22310
6 83328 9
6 5132011
1 1 33212
5 2243310
2 8113810
2 32225 9
6 31327 9
1 42344 9
2 32328 6
6 32221 9
6 22328 9
6 21221 5
1 3333710
6 4223010
6 7132110
6 7133210
6 72119 9
6 72215 5
6 51316 6
6 81216 5
1 81344 9
6 1 415 5
6 4232510
1 7143211
6 31342 9
2 1 328 7
6 32223 9
6 3233711
6 4132410
1 31238 7
6 7233710
6 1 215 5
6 71321 7
6 82230 6
6 1 12010
6 1 416 5
6 23416 7
6 1 42810
1 21324 9
2 1 324 9
1 83339 9
6 21315 5
1 3223612
1 8133810
6 31317 6
2 7124010
1 31328 9
6 2132812
1 73235 9
1 8223312
6 8231810
6 22323 9
6 3232210
1 3123110
6 22318 9
6 21318 9
6 1 316 6
6 21317 7
1 4132911
1 1 43510
2 71324 9
2 21231 5
6 81232 5
6 1 239 9
6 1 217 5
2 31328 9
6 51344 9
1 1 43713
1 2143212
6 72329 9
1 2224010
1 2144313
1 72435 6
1 21233 9
2 33233 9
6 3121810
1 8233311
6 21418 7
4 72331 9
1 4243813
6 42222 9
6 2124111
6 22427 9
1 2134412
6 31219 9
6 1 318 9
6 1 127 9
6 33216 6
1 7144212
6 1 341 5
6 33133 5
6 73319 9
1 71441 9
4 1 140 9
6 8232510
2 1 222 9
6 1 12410
2 7212410
1 8133313
6 4224011
6 61343 9
2 71141 9
6 1 315 5
6 32216 6
1 1 438 9
6 5131910
6 1 222 9
6 1 221 9
6 22418 7
6 1 225 5
6 23235 9
2 1 344 9
6 32216 5
6 71118 9
1 1 32610
6 71219 9
6 8233112
6 2242912
1 41243 5
6 22318 7
6 1 318 6
6 7322210
6 22340 9
1 1 23310
1 31435 9
2 21134 8
2 1 325 9
2 3123010
6 31318 7
6 82317 7
6 2222210
2 1 232 9
2 1 131 9
2 1 233 9
1 1 23812
6 1 24110
6 72223 9
6 32415 5
1 1 230 9
1 4244013
6 31123 7
6 43417 7
1 2122310
2 23229 9
6 1 118 9
6 1 217 6
6 1 317 7
6 21240 9
6 22316 6
2 22427 9
6 23324 9
6 1 318 7
6 71117 7
6 2222010
6 1 12310
1 81343 6
6 21321 9
2 3132812
1 1 242 9
1 4123211
2 22235 5
2 22236 5
6 71320 9
6 31217 6
1 1 23811
6 2132310
2 2243212
6 1 332 9
6 7341810
6 1 326 9
6 21118 9
6 2222412
2 42138 9
6 1 33012
6 7332612
6 71217 7
1 23236 9
6 41218 7
1 7234111
6 82317 7
1 21230 9
1 72332 9
1 31231 9
2 1 328 7
6 1 219 9
6 7222210
5 21242 9
6 21315 5
1 51422 9
6 41318 7
6 1 229 9
6 32318 9
6 32323 9
6 1 330 9
6 1 33212
2 3132611
6 81119 7
6 1 220 9
2 1 323 7
6 71219 9
6 3222110
2 1 222 9
6 1 242 9
4 8233811
6 53226 9
1 1 333 9
6 3122711
6 4132713
6 6142210
6 7224410
6 1 122 9
6 1 32811
2 1 330 9
2 32127 9
6 72316 5
6 22217 7
1 4233813
1 22234 5
6 1 12411
6 73119 9
2 22141 9
1 1 32711
1 41441 9
1 6143510
1 72326 9
1 1 32910
6 3123810
6 22236 9
6 31315 5
6 1 22710
6 3122310
2 71243 9
2 1 13811
1 1 33010
6 81216 6
5 1 442 9
6 71319 9
2 71427 7
6 1 23210
1 21326 9
6 32334 9
6 61217 7
6 71334 6
6 8133610
6 33222 9
4 33141 9
6 32343 9
6 72233 9
6 1 333 9
6 1 136 9
6 31339 9
4 21244 9
2 1 34211
1 8232814
6 1 332 5
6 1 14112
1 21244 5
6 1 233 9
4 3143412
6 1 32110
1 2333912
6 1 321 9
6 3233010
1 8224113
6 3223112
6 51320 9
6 1 220 9
1 1 22812
6 22316 5
6 1 32612
6 51317 7
6 2332110
1 22235 7
6 22321 9
6 4332512
2 41226 9
6 32345 5
4 1 23411
2 1 319 9
6 81315 5
4 71236 9
6 51230 7
6 1 217 7
6 5233112
1 7243410
6 72318 9
1 1 13611
1 2323711
1 2223211
2 3132310
6 8222910
1 4342612
2 1 242 7
1 4333413
6 2222010
6 7222510
6 1 224 9
6 32319 7
1 43235 9
6 1 234 5
1 3244313
1 71137 5
6 51323 5
6 32242 5
2 8232210
6 1 221 9
6 4231810
6 31326 9
2 3223910
6 1 23013
6 42317 7
1 7143013
6 1 13814
4 7143112
6 31417 7
2 71427 9
6 1 322 9
6 1 316 5
6 42318 9
1 61433 6
1 1 225 9
2 81224 9
1 2212612
1 1 23812
1 4242510
6 31215 5
1 8323313
6 2141910
2 21421 9
2 4233312
1 3232410
6 1 217 7
1 8133410
1 1 330 9
1 7224212
6 73316 6
6 22334 6
6 1 42310
6 22217 5
6 1 330 6
1 4223315
1 7123210
1 1 239 6
2 22230 9
6 51217 9
2 2223010
1 8224012
6 61417 7
6 73418 9
5 31332 9
2 71223 9
5 22244 9
6 1 14113
1 4244010
1 1 23812
6 3222312
6 1 219 9
1 3243210
6 71416 5
6 22317 7
6 1 219 9
5 2144410
6 51426 9
6 22215 5
6 42425 9
4 3133515
2 72316 6
1 7223111
6 31239 5
1 71437 9
2 1 325 6
6 2232010
6 21215 5
2 22338 9
1 71328 9
2 52123 6
6 1 119 9
6 52239 5
6 1 22610
6 52218 7
6 21427 9
6 7333910
1 1 23610
6 1 32410
1 2124312
6 5233810
6 3133410
6 1 322 9
1 32529 9
2 22227 9
6 8114411
1 23340 7
6 1 227 9
2 21238 5
6 1 32010
6 41343 9
6 22215 5
1 1 14211
6 1 337 9
2 1 34012
6 23218 9
1 2133210
2 7123310
6 21417 6
6 23216 6
1 2123110
6 2112211
6 81334 9
6 32128 9
6 1 23410
1 82238 9
2 4242210
6 8133111
6 7143212
1 7143710
1 21435 9
4 52432 9
2 1 136 9
6 1 417 6
6 1 242 5
6 42316 6
5 7144311
1 22126 7
1 7233110
4 3224110
1 82342 9
6 21236 7
1 61340 9
6 1 219 9
6 1 219 9
1 22237 9
6 1 42210
6 7331910
6 1 22312
6 82327 7
1 5134112
1 71237 9
6 8334212
2 1 12810
6 1 322 9
4 2233910
6 4233212
6 72418 7
2 21233 5
6 31416 6
6 2223313
4 32436 9
6 31219 9
6 31238 9
6 8232812
6 72221 5
6 71221 9
6 8222413
6 72127 6
1 21328 9
6 22415 5
1 61427 9
2 22326 5
1 42224 9
1 3234312
6 1 320 9
1 4342512
1 32232 9
6 1 330 9
6 22225 9
6 41317 7
6 62217 6
6 7142411
6 62218 7
6 1 32210
2 7144010
6 8213712
2 1 419 9
1 72239 5
1 22343 9
6 1 318 7
6 31324 5
1 2313512
1 22239 5
6 71321 9
6 1 219 9
6 3232410
6 72315 5
2 1 238 5
1 3133410
6 1 24210
1 2134312
6 2332612
6 21416 6
6 31426 9
6 71419 9
4 3233510
1 1 43710
2 5122610
6 42317 7
1 1 326 7
1 3133813
1 2242915
1 22429 9
2 22235 7
6 1 117 7
2 51433 5
6 1 233 9
4 1 24210
2 22339 5
6 1 416 6
1 81242 5
6 22317 7
6 2122612
6 1 317 7
6 71415 5
5 3133910
6 72316 6
1 2134211
4 7234212
4 1 44210
6 22218 9
6 2213410
6 5132412
1 7143311
6 72218 6
1 81322 5
6 71216 5
1 2123712
6 2232210
1 1 42710
2 71430 9
6 7233212
6 72422 9
6 42318 9
5 1 232 9
6 72217 6
2 31329 9
1 1 233 5
2 1 34012
6 61320 9
1 7133012
6 21227 9
1 7143112
6 71431 6
6 71315 5
6 7132210
4 2224113
1 7244012
6 72216 5
1 7123913
6 23118 9
6 21415 5
6 62219 9
1 4333212
6 1 136 6
1 61430 9
6 7132210
6 3133311
1 2324112
4 4122812
1 1 324 9
6 32321 9
2 41244 9
1 1 32510
6 7132810
6 3142010
6 72117 7
1 1 23013
1 5133510
1 1 23912
2 1 23210
1 8143511
5 1 23912
6 5132310
1 62344 9
4 2324112
1 22322 9
6 22218 7
6 3222310
1 2333012
6 81316 6
6 81320 9
4 2244212
1 8133813
1 1 231 9
1 21331 9
6 51316 6
6 1 216 5
6 8232110
6 3132411
1 2332710
2 81425 7
6 8232110
4 31143 5
1 1 34510
6 1 227 9
6 4132612
6 1 32512
6 22317 9
1 61241 9
6 22325 9
6 73221 9
1 3232310
6 7222510
6 8334412
1 72426 9
1 61342 9
1 5133310
1 22330 9
2 6224211
6 1 119 9
6 51419 5
2 1 335 9
6 22318 7
2 8113910
6 51324 5
6 31417 7
6 22318 7
6 82330 8
1 21128 9
6 1 134 9
4 2233711
6 1 118 9
6 2232910
1 8223712
6 1 42512
4 1 33312
6 1 428 9
2 72341 7
4 1 442 7
6 2232511
1 4243211
6 72235 9
6 4142510
5 1 337 9
6 22231 7
1 71339 9
1 31334 9
1 2323710
2 21433 9
2 1 238 5
6 23318 7
4 1 443 9
6 72315 5
4 6134410
1 32438 9
1 21228 9
6 4222812
6 82229 9
6 1 220 9
6 82120 9
4 1 239 9
1 22237 9
2 23126 9
1 31337 5
1 32325 9
6 22219 9
6 31417 7
4 4223910
6 42219 9
2 23226 9
1 8143712
6 1 217 7
2 2232912
6 1 33710
2 1 334 9
6 22317 9
1 31428 9
2 4134110
6 5133010
1 1 33310
6 22221 9
6 2142412
4 1 229 9
6 31227 9
4 1 237 9
6 72418 7
4 7143510
6 2232510
1 1 43511
6 22121 9
6 22322 5
6 22320 6
2 1 32110
6 4222211
2 1 221 6
1 1 436 9
6 1 324 5
1 7142712
2 21133 9
6 32241 6
2 31320 6
6 1 316 7
6 72216 6
1 8223115
6 7142910
6 22323 9
6 3242011
1 8133912
4 1 243 9
4 7334311
2 22141 9
6 1 22210
2 1 237 5
6 8222910
6 31215 5
1 1 43311
1 3133110
2 1 136 7
1 3143010
1 7233812
2 1 427 7
6 63215 5
2 71131 9
6 1 215 5
6 72316 6
1 22236 9
6 2242110
6 61341 9
6 81318 9
6 23321 5
1 71434 9
4 31236 9
1 22341 9
1 31226 5
6 22315 5
6 3132212
6 1 217 6
1 3143910
2 4113810
6 1 316 6
1 72331 5
6 22217 7
6 4142210
6 6321910
1 1 33715
4 1 33413
6 8142713
5 1 236 9
1 22232 9
1 2323711
6 1 22911
6 3142410
6 1 21910
2 32433 7
1 8242210
6 3333811
6 1 221 7
6 31315 5
1 71439 5
1 2132811
2 1 128 9
6 23239 9
6 81327 9
6 23218 9
6 1 32010
4 1 131 9
2 2242712
1 2233912
1 1 244 9
6 61216 5
6 3243012
6 1 22110
6 8323011
6 1 321 9
6 4132712
1 71442 9
6 31335 9
6 31422 7
5 22131 9
6 1 22710
6 4142210
6 1 23610
6 32319 9
6 7322712
6 3122310
2 52322 5
6 22116 5
6 1 32210
6 72117 7
6 21324 9
1 71230 5
6 62315 5
6 1 33212
5 31125 9
1 51137 5
6 1 418 7
6 72417 7
6 42316 6
2 1 24310
6 1 221 9
6 7132912
2 2242212
2 71133 9
6 71423 9
6 1 427 9
6 72218 9
6 8242613
1 7323110
5 51244 5
1 71343 9
1 4134212
6 71215 5
6 5131810
1 1 23813
2 22130 6
6 1 129 9
2 8333010
4 31240 5
2 2332813
2 32125 9
6 1 232 9
1 22227 5
6 81319 9
6 32122 5
2 21238 6
6 32319 6
2 2222010
4 1 333 6
6 23315 5
6 1 316 6
6 7222310
6 1 32810
5 1 34410
2 31327 9
1 22437 5
4 22238 9
6 1 22510
6 8122710
1 8134015
1 1 24210
4 71238 9
6 3233610
2 31328 9
6 1 32910
1 3133612
6 51241 9
6 1 42010
1 8332612
6 8231910
6 8224211
2 31139 9
6 7333212
6 73318 7
5 8224310
4 1 23010
1 2243412
1 1 33412
1 7143310
2 5133510
1 1 24110
1 1 24212
2 31424 9
6 2223212
6 72319 9
6 71225 9
1 3114112
6 1 331 9
1 42241 9
6 1 315 5
1 2342110
6 1 131 9
6 3132210
6 51317 6
6 3122410
6 23315 5
1 7143610
6 22334 5
6 8124212
1 3134213
6 1 319 9
6 83235 5
6 6233713
1 2124112
1 42240 7
6 31315 5
6 82315 5
1 42428 9
1 3242810
2 3132411
6 3132511
2 1 32412
6 72217 6
2 72241 9
2 21129 5
6 1 33310
4 21241 5
2 82228 9
1 4242811
6 32127 6
1 1 232 6
1 2244211
6 22417 6
6 71125 9
6 2144212
6 7141810
1 6142712
1 82232 9
2 3134010
6 22117 7
6 22216 6
6 22321 9
5 53142 9
6 8222212
1 1 24312
1 8223712
6 72418 9
4 7243711
6 22222 5
6 61217 7
6 32316 6
1 72329 9
6 22315 5
6 81127 8
6 21219 9
6 72323 9
6 22115 5
1 33332 9
6 7222810
6 41418 7
1 82334 9
6 1 318 9
5 1 33111
6 82219 7
6 7322512
6 1 22212
6 61320 5
5 5133310
1 4134312
1 21225 9
6 43116 5
1 7143510
6 2322512
6 6132613
1 8114211
6 7214412
6 32215 5
2 1 240 9
6 62417 7
1 2143010
1 21342 9
1 33244 6
6 82228 6
1 1 326 9
1 3134112
6 41316 6
6 1 230 9
2 3134410
1 1 34012
6 73320 9
6 4231910
6 23117 6
6 3213511
6 72215 5
6 22322 9
6 31116 5
6 1 22110
1 32440 9
2 3142110
6 81118 7
6 32326 9
5 1 243 5
4 72244 9
6 4332410
4 1 136 9
1 8142612
4 7133012
6 1 221 9
1 61433 9
1 7144013
5 1 24313
6 8232111
6 1 237 9
1 5143412
6 3222312
6 1 317 7
6 31231 9
2 1 23511
6 1 32210
2 21126 5
6 1 32210
6 1 319 9
1 2334312
6 1 328 9
6 22416 6
6 22317 6
6 7134410
6 8123410
2 53426 9
6 5242612
2 21232 5
4 2133215
6 23317 7
6 51139 9
1 2243513
6 1 322 6
6 2233912
6 21335 9
1 22336 9
6 1 316 5
6 72221 9
2 1 23112
6 21343 9
6 71216 5
6 43317 7
6 1 227 9
6 22417 7
6 71118 7
1 1 34011
6 1 226 9
6 2134210
6 31218 6
2 31127 9
6 71319 9
1 1 344 9
1 71340 9
1 2234211
1 8323515
6 71316 7
6 31132 9
6 62417 6
6 22317 6
5 2344312
6 7332810
6 7132910
6 82418 9
2 31226 9
1 2233510
5 3133512
6 1 325 9
1 2234410
6 1 22212
6 71315 5
6 22322 5
6 1 32511
6 52215 5
1 3114010
1 71433 9
1 3222715
1 6133812
1 4332910
1 1 229 5
6 1 32410
2 2232310
1 1 325 7
4 1 34212
6 21222 7
1 21218 5
4 21337 5
6 2123011
1 7143612
6 2332110
6 73216 7
1 31232 5
6 8342711
1 61342 9
6 72125 6
6 1 125 9
6 72118 9
2 22418 9
6 1 319 9
4 71430 9
6 1 234 9
6 81338 9
1 7142810
1 2143213
6 1 32511
6 1 22010
1 31342 9
2 1 22511
6 71334 9
2 2333311
2 4323110
6 31215 5
6 1 218 9
6 31216 6
6 72322 9
6 1 316 5
4 1 24213
6 1 43012
6 1 317 7
6 72316 5
6 42223 9
4 1 23110
6 1 325 9
1 3144311
6 71318 7
6 71416 6
2 22339 5
6 1 24412
1 5143911
6 72125 9
1 8134211
6 1 220 9
1 1 423 9
1 7233511
6 3232810
6 4132812
6 1 22710
6 3142310
2 21224 9
6 2122210
6 1 22610
1 2243813
6 51331 6
6 1 217 7
6 1 33710
1 8123313
2 4122010
6 7143110
6 2221910
6 1 32712
1 71344 9
1 41342 7
6 1 319 9
1 1 22512
2 32135 9
6 33242 7
3 31437 9
6 33233 5
1 21240 5
5 4243213
1 3232412
1 22129 5
1 23443 9
6 2332110
6 4114010
2 72219 5
6 22116 5
6 83319 7
6 21222 9
1 4144110
2 8133112
6 1 239 9
6 1 21910
1 2223113
2 51335 9
1 1 239 5
6 62229 9
6 4142612
6 4233110
6 1 53810
6 3112210
1 3142110
6 23115 5
1 53429 7
6 22416 6
6 6233012
6 1 315 5
6 71233 6
1 52224 5
6 21216 5
4 1 131 5
1 21225 5
6 21317 7
1 31343 5
2 32222 9
1 7142611
6 62416 5
6 42134 9
2 2322110
6 23120 9
6 71217 7
6 3124312
6 22315 5
6 71217 6
6 7134110
4 31242 9
6 1 123 5
1 21341 9
5 2143810
5 1 335 7
1 2234010
2 6232610
6 23216 5
6 72418 7
2 1 134 5
2 1 227 9
1 2133611
6 1 32710
6 22238 9
2 53437 9
1 2343212
6 1 230 9
6 72217 7
6 7133011
5 8134110
6 42216 5
1 2232712
6 2222613
4 1 143 9
4 23235 9
6 2322913
6 1 326 5
1 42423 9
6 22216 6
5 2243310
6 32423 9
2 71428 5
1 5134210
2 4234012
2 1 33310
6 1 12510
1 1 34212
1 2334412
6 4244210
1 23435 9
6 1 124 9
6 72235 9
6 1 320 9
6 2122310
6 71425 9
6 22423 9
2 21221 9
1 42230 9
6 1 317 7
6 1 316 6
6 31317 6
4 4143810
6 81241 9
6 31217 5
6 6132511
6 53321 7
6 1 24112
1 2134310
6 62417 7
6 1 222 9
2 31323 9
6 5122310
4 82343 9
6 71334 5
6 7142612
2 7213911
6 22422 9
1 1 23811
6 1 32212
6 73236 9
6 71126 9
6 1 215 6
6 3142010
6 22217 7
6 31315 5
1 2244210
1 22226 9
6 22216 6
6 32219 9
1 4144412
6 2243111
1 6143011
6 1 13910
6 72226 9
1 1 24112
6 33217 6
1 6133712
4 1 139 9
6 1 21910
6 71416 6
6 1 42210
6 1 22712
6 1 23812
6 31419 9
1 8122811
1 2242710
2 21243 5
2 1 22912
6 6324313
1 1 526 9
6 1 33010
6 6141910
6 22215 5
6 1 33811
1 1 33410
6 81317 7
6 1 419 9
6 22224 6
1 1 22712
6 71126 9
6 1 21910
1 2233812
1 8233310
4 7142710
4 71235 6
6 1 318 9
6 1 232 9
6 81217 7
5 8133210
6 3222010
1 8133613
6 23238 9
2 81221 8
1 1 33310
6 7132310
4 81244 8
6 31319 7
1 2234110
6 32219 7
6 72417 7
6 1 33111
6 1 32611
1 1 33412
6 2232810
6 72216 5
2 72224 9
6 1 317 6
1 43224 9
6 71330 9
6 1 32010
1 21240 5
6 8133712
6 2132611
6 22117 7
6 72315 5
2 31332 9
6 1 13413
2 1 344 9
6 72219 7
6 1 216 6
6 6143110
6 1 420 9
6 3134210
6 1 321 9
6 1 123 9
6 32327 5
6 81321 9
6 1 216 5
4 4323912
6 1 226 9
2 21431 5
1 31244 9
1 2223012
6 7232010
6 1 224 9
1 23342 9
1 1 24112
1 4344310
1 8244013
6 71316 5
6 7122612
6 1 215 5
6 1 24311
2 1 230 9
6 82317 7
2 52221 7
1 7132812
6 3333310
6 1 318 7
4 2134110
1 31235 9
6 1 43111
1 5243410
6 31333 7
6 52416 5
1 8233810
1 2243312
6 3224212
6 4343310
6 72217 6
1 1 23212
6 21318 9
6 31323 9
1 2234012
6 1 431 9
6 1 32010
6 23217 8
6 2232110
5 8113910
6 1 323 7
6 3123011
1 8233813
6 51415 5
6 1 421 9
1 21431 9
6 21316 5
6 1 217 9
6 1 24011
6 23319 9
6 32120 9
2 22340 9
1 2143610
6 1 32411
1 5142712
6 22217 5
5 7223311
6 7134211
6 2232710
4 3133912
1 8234212
4 2112712
6 72316 5
1 81435 9
2 22231 7
6 31234 5
1 21244 7
6 7132812
5 1 131 9
1 31433 9
6 2234312
2 1 231 5
6 71428 7
6 5232912
1 51325 9
1 71331 9
1 7132410
1 7143810
1 1 224 9
6 72216 5
6 1 432 9
6 61441 5
6 1 227 8
6 1 419 9
6 22418 7
6 72323 9
6 72319 6
4 23943 9
6 42220 9
6 22119 9
2 8322412
6 1 418 9
6 2132210
6 1 217 7
6 1 231 9
6 71318 6
1 1 23711
1 7234312
1 21138 9
6 22326 9
6 22217 6
6 1 142 7
1 22118 6
6 21441 9
4 1 239 5
2 41333 9
6 1 23112
6 32318 7
1 21232 5
2 72241 9
1 2134313
6 1 315 5
6 1 216 5
6 8222312
6 1 22110
1 22336 5
2 1 239 9
6 23342 9
6 2232412
6 31215 5
6 1 130 9
2 72345 7
6 31318 9
1 22236 5
6 31415 5
6 1 43410
6 71218 9
1 2333312
6 1 418 9
2 22231 5
6 31119 7
2 31528 9
2 1 126 9
6 1 22911
6 1 417 6
6 4332510
6 4232611
4 1 228 9
6 1 32812
1 1 33110
1 22331 5
1 31337 5
1 1 33813
2 1 23311
6 21235 9
6 52216 5
2 31238 5
6 1 217 5
6 22228 9
6 1 23112
6 32222 9
6 22215 5
1 3143213
6 1 12712
1 4232512
6 1 32210
6 82329 9
6 23325 9
5 3123710
6 22418 9
6 2232010
6 1 42710
6 1 218 6
2 31327 5
6 1 425 8
6 1 33112
4 2224212
6 31423 9
1 2143210
1 21437 5
1 1 34012
1 1 34012
1 3142813
5 4224210
6 1 144 9
6 23220 9
6 7132910
6 22415 5
4 8144310
6 72316 5
1 4114310
1 8143511
1 42232 9
6 22318 9
6 2233011
6 2341810
1 1 331 9
1 2243310
1 1 333 9
1 21125 7
6 23317 6
6 51222 9
6 1 228 9
2 1 330 9
2 1 324 9
6 8232510
1 1 133 5
1 1 23912
6 31324 9
2 2223710
6 1 217 7
6 1 238 9
6 22316 6
1 2134012
1 3223011
6 1 32310
1 7143212
1 3243912
4 32238 9
1 4132512
6 1 218 9
6 31216 6
6 2232210
6 51119 9
6 22316 7
6 2233512
1 21239 9
1 8133010
2 22424 9
5 42343 5
6 1 216 5
1 2133810
6 7223513
6 3242312
1 2224012
1 3113310
2 2233810
1 31434 9
1 1 13212
6 71426 6
6 31416 5
1 2213813
6 82218 7
2 3343212
2 1 225 9
4 1 134 6
6 1 222 5
1 22424 7
1 8143711
1 22328 9
1 41238 6
6 1 315 5
6 31417 7
1 1 23111
6 71426 9
6 3123210
6 22315 5
6 1 227 9
6 61418 6
6 71218 9
1 1 132 9
6 72130 9
2 71339 9
5 3233511
6 3122310
6 21318 7
6 1 230 9
6 82217 5
2 71227 9
6 3134110
6 81328 5
6 81232 9
1 8143912
6 1 320 9
2 71119 6
6 21316 5
1 4232811
6 8142111
6 23216 6
6 1 215 5
6 72319 9
6 4222411
6 1 123 9
6 4222210
1 2224112
6 22315 5
6 1 23012
6 1 319 6
6 6122010
2 7322512
6 2141910
1 7242512
2 4222911
1 2124312
2 22328 9
6 4332310
2 3142710
6 2231910
6 4222210
6 23118 9
6 1 22212
1 1 42911
6 1 32710
6 51321 9
6 31332 9
1 22435 5
6 51416 5
1 3133513
6 31426 9
6 1 139 6
5 8313615
2 1 42410
6 6342812
6 3142210
6 8132110
6 1 326 5
6 1 317 6
6 21139 5
6 81318 9
6 1 218 9
6 8122710
6 7323810
6 1 228 6
6 31316 6
6 81232 9
6 4222010
1 4213012
6 32316 7
5 1 32410
6 81223 9
6 22116 5
6 31317 6
1 22235 9
1 4233312
6 71428 9
6 23325 9
6 22316 6
1 2223912
6 82416 7
6 1 218 7
2 22219 9
1 2134412
4 1 24215
6 32318 7
1 1 225 6
1 7142411
6 3222810
6 31343 9
6 22315 5
3 1 242 7
1 7123410
6 1 316 5
6 7132010
6 2232010
5 1 33610
1 2122512
2 21239 9
1 5143210
6 31120 8
1 1 332 9
2 1 22310
6 1 217 7
6 1 33012
6 7123512
2 3142410
1 1 23413
6 21419 9
6 81317 5
6 31415 5
2 7234112
4 72241 9
6 1 236 7
2 8122510
4 51343 6
6 32321 9
6 1 331 9
2 4232510
6 2232311
1 8123413
6 1 32412
6 72317 9
6 1 219 9
1 5133511
2 22234 9
2 1 32311
2 41325 9
1 8144012
2 1 320 9
1 5133112
1 42229 9
1 2132810
6 1 325 9
6 22219 6
6 32218 7
1 51428 9
2 22235 9
6 1 315 5
1 8232412
6 7232410
6 72424 9
6 83316 6
6 31436 7
6 1 233 9
6 2222413
6 21318 7
6 83417 7
6 31418 7
6 1 21910
6 31420 9
2 1 23412
1 1 142 8
6 2223312
6 1 231 9
6 1 418 9
1 1 133 9
6 1 315 5
4 4334010
1 42242 9
6 2222812
6 8142110
1 31242 9
4 22340 9
4 1 131 9
5 2122810
6 71428 9
6 23235 9
1 21427 6
5 21243 5
6 2341910
6 1 32210
5 1 330 9
6 23315 5
6 4232410
6 21242 9
1 7143812
6 32221 9
1 2213410
1 31430 9
6 8242910
4 2214412
6 1 32711
6 3232412
610123411
2 1 42710
1 4324312
6 7132212
6 22318 9
2 71331 9
6 21330 9
6 3142211
6 1 22413
1 72430 5
1 32325 5
6 52424 5
6 3133014
6 81434 9
6 22326 9
4 1 33011
6 1 22810
6 81220 9
1 73443 9
1 2143212
6 32318 9
4 31335 9
6 31315 5
6 1 42110
6 52417 6
2 7322510
6 21225 9
6 22321 9
2 1 32512
1 8244115
4 4224110
1 1 339 9
1 21342 5
2 1 22010
6 7131910
6 72425 9
6 4332211
2 7332912
6 8131910
1 7142610
6 21233 6
1 2144415
6 2132512
1 72226 9
1 21242 5
6 8222010
1 1 344 9
6 71315 5
2 1 332 7
4 51242 9
6 3133410
6 23224 9
6 1 217 6
6 22119 9
4 7333611
2 4232111
1 31431 9
6 21418 9
6 22218 9
1 3142412
4 31140 6
4 73330 9
6 1 32512
6 62333 9
6 1 32812
6 81416 6
6 41419 9
1 1 242 9
6 71423 9
1 8334310
6 1 319 9
2 21431 9
6 71334 7
2 1 22710
6 81315 5
1 41238 9
6 61117 7
2 1 33110
6 72419 9
4 1 244 5
6 31229 9
6 62215 5
1 7243710
1 7124213
6 33217 5
6 1 224 9
6 3232210
6 51415 5
1 41439 9
6 22319 9
6 7222712
1 2333112
1 3123910
6 42321 7
6 1 316 5
6 1 31910
6 23315 5
1 5133310
6 22317 5
6 31334 9
6 1 335 9
1 1 340 9
1 21140 5
6 32318 9
6 7142610
5 41343 9
6 21218 9
1 8234312
6 21222 7
1 32333 9
1 2143311
5 21142 9
6 1 216 6
6 1 22510
1 3143712
6 1 217 6
6 7242311
6 3142010
6 61317 7
6 21117 5
1 21339 5
6 1 23212
6 3232512
6 82331 9
6 1 123 6
4 1 141 9
6 1 23710
6 72317 6
6 22417 6
5 61326 9
6 22218 7
2 42323 6
1 1 24313
2 62422 9
6 2233111
4 4224015
1 72336 9
2 1 22512
6 1 322 5
6 1 22110
6 1 43410
6 1 23911
6 3213410
6 81221 9
6 1 12912
6 62417 9
1 2134412
6 22215 5
4 1 428 9
6 33217 6
1 1 32711
6 2241910
6 22417 7
6 1 13010
2 1 32010
6 32121 9
1 1 242 5
6 1 319 9
4 1 33210
6 2222911
6 71324 9
6 51239 9
2 1 42210
1 7133213
6 21419 9
2 3212510
4 3234211
6 2132412
6 81218 9
6 2232613
6 3142512
1 1 340 5
1 1 21910
6 4123912
2 72125 7
6 73215 5
6 62318 9
6 22325 9
6 1 332 9
2 21229 8
6 1 12212
6 3232812
2 22142 9
2 52336 5
6 1 317 7
6 22417 5
6 21234 9
6 23229 6
6 21215 5
2 1 241 9
6 1 22210
6 81417 7
4 21339 9
6 2242110
4 7222710
6 2232713
6 6223712
6 21217 7
6 2132812
4 1 241 8
4 1 42715
1 7124110
6 1 226 5
6 23318 9
6 1 22110
5 1 24113
6 1 22110
1 8333413
6 71331 9
6 2342210
6 73216 5
6 1 32910
6 21217 7
1 22229 5
1 52230 9
6 1 417 7
6 81321 9
6 1 319 9
1 2343511
1 7143312
2 31435 9
6 1 32210
6 1 218 7
1 2244113
6 72316 5
6 21417 6
6 2122511
6 32219 9
6 4122810
1 7133612
5 31341 9
6 1 135 7
1 2133513
5 1 334 9
1 2143310
6 7222910
2 41227 7
1 3242610
6 31234 9
1 71244 9
5 7122713
6 21417 7
4 4134412
6 81317 6
6 71342 9
2 72242 9
4 3143310
6 1 130 9
6 8122410
6 31419 9
6 1 219 5
6 6133410
6 1 22412
1 1 33610
6 32221 9
1 41428 9
6 1 23012
2 43425 9
6 61118 9
6 51420 9
1 1 33510
6 2222812
6 1 319 9
6 1 118 5
2 22232 9
6 7242210
5 2223210
1 1 23210
6 21317 6
1 1 339 9
6 71215 5
2 42224 9
6 3242411
6 1 319 9
6 32315 6
6 1 215 5
6 1 216 5
6 1 323 9
6 32117 7
2 1 340 9
1 71328 7
6 8241910
1 21343 7
6 1 217 6
6 71317 7
1 2233913
6 51217 9
6 1 329 9
6 7222712
6 22134 9
1 1 33712
1 41427 9
6 3143410
1 4244013
6 32217 7
6 7232712
6 22317 7
1 2234110
6 22237 9
6 8121911
6 72316 5
6 2132612
6 7132710
6 3142613
2 32320 5
6 1 322 6
6 7232111
6 1 331 9
6 1 22010
6 1 218 9
1 31238 9
6 7222010
6103421 9
2 22227 9
5 6132310
6 22219 9
6 71222 9
6 33330 9
6 2114310
1 32434 6
5 3134211
6 7232210
1 4232914
1 8332713
1 7143511
2 4232710
1 7142712
1 1 226 9
6 3212911
6 72319 6
1 2234215
1 7132912
6 42233 5
6 1 22713
1 4244210
6 1 417 9
1 32324 9
6 72417 7
6 72315 5
6 1 22912
1 7143110
4 4214111
6 51216 5
6 51417 6
6 2132010
2 1 319 9
6 7132312
1 82328 9
1 2133010
1 2221910
1 3233710
1 7142813
1 22428 9
1 2133311
1 1 236 5
6 82217 7
1 2323710
1 4224112
1 2332810
6 33218 9
6 4133510
6 71427 9
6 1 315 5
1 3143112
2 6342510
6 71315 5
4 1 33414
6 21427 9
6 1 217 7
6 2232912
6 72431 9
6 1 32310
6 7132510
6 3233210
6 7122711
6 22217 7
6 32417 5
6 2224013
6 3142410
6 7314310
6 22225 7
1 5132910
1 33331 9
1 8133213
6 1 23712
6 3123510
6 2232010
2 1 243 9
6 1 215 5
2 71429 6
2 1 238 5
1 1 333 6
6 1 222 9
6 21315 5
6 1 23911
6 4142411
6 21422 9
1 42235 7
6 3232010
1 4243512
1 3144013
4 1 34513
6 1 13211
1 3244213
1 1 23912
2 82222 9
5 7224110
6 22226 9
6 7143010
2 1 42610
6 42318 9
1 1 22910
6 71316 6
6 2142010
4 1 444 9
6 8332910
1 1 131 7
2 21240 5
6 6242110
1 3134313
6 81344 9
2 2142410
1 9843812
1 4142815
6 21127 9
1 82341 9
2 22339 7
1 82232 9
6 7143610
1 7142510
6 3124410
6 1 320 9
1 1 244 5
6 1 118 7
6 2131910
6 21418 7
2 7143310
5 21242 6
1 3143612
6 1 223 6
6 61218 9
6 1 430 9
6 1 316 6
6 1 136 9
1 3134110
2 22230 9
6 71424 9
6 51215 5
2 1 226 5
6 1 316 5
6 1 12310
6 71418 9
1 8343310
6 1 32410
1 1 23412
